0,[66.627357]
1,[67.924538]
2,[71.580193]
3,[70.400948]
4,[70.047173]
5,[70.990562]
6,[71.10849]
7,[73.34906]
8,[72.759438]
9,[72.641518]
10,[72.405663]
11,[75.70755]
12,[74.764153]
13,[75.117912]
14,[75.117928]
15,[74.999992]
16,[75.471703]
17,[72.64151]
18,[76.53302]
19,[74.88208]
20,[77.240562]
21,[75.353775]
22,[75.0]
23,[73.5849]
24,[76.179245]
25,[75.707558]
26,[73.938683]
27,[74.88208]
28,[74.764153]
29,[72.759438]
30,[76.061317]
31,[75.353775]
32,[76.650948]
33,[75.589622]
34,[77.12265]
35,[76.4151]
36,[76.297173]
37,[77.122643]
38,[77.004723]
39,[77.594337]
40,[73.23114]
41,[76.533012]
42,[76.768867]
43,[76.533028]
44,[77.830193]
45,[75.70755]
46,[75.11792]
47,[76.886787]
48,[78.066032]
49,[78.419815]
50,[76.179245]
51,[77.712265]
52,[77.712265]
53,[75.70755]
54,[77.004715]
55,[78.301888]
56,[76.65094]
57,[76.533012]
58,[76.415092]
59,[76.297173]
60,[76.76886]
61,[76.53302]
62,[76.886787]
63,[76.65094]
64,[76.415092]
65,[76.4151]
66,[75.94339]
67,[76.061325]
68,[76.297173]
69,[76.53302]
70,[77.358498]
71,[77.712265]
72,[77.594337]
73,[77.594337]
74,[77.358498]
75,[73.820755]
76,[76.061317]
77,[75.000008]
78,[78.183968]
79,[75.825478]
80,[77.948112]
81,[77.594345]
82,[76.061317]
83,[77.240562]
84,[77.004715]
85,[76.65094]
86,[75.353775]
87,[77.594337]
88,[76.886795]
89,[75.943398]
90,[75.825478]
91,[76.533028]
92,[75.0]
93,[76.886795]
94,[77.594337]
95,[77.476425]
96,[77.594345]
97,[76.650948]
98,[76.65094]
99,[77.004723]
0,[61.563171]
1,[62.419693]
2,[69.486084]
3,[72.269806]
4,[71.19915]
5,[76.659523]
6,[81.156311]
7,[84.475365]
8,[85.010704]
9,[86.830833]
10,[87.687363]
11,[87.152031]
12,[87.366165]
13,[87.794441]
14,[89.079231]
15,[90.578156]
16,[88.543907]
17,[88.436829]
18,[89.400429]
19,[86.616699]
20,[89.186302]
21,[89.828697]
22,[88.115631]
23,[88.650963]
24,[89.721634]
25,[89.935753]
26,[89.400436]
27,[88.543907]
28,[89.828697]
29,[91.113487]
30,[89.828697]
31,[88.650963]
32,[89.293358]
33,[90.578163]
34,[89.614555]
35,[90.042831]
36,[90.364021]
37,[89.721619]
38,[90.364029]
39,[89.400429]
40,[89.293358]
41,[88.436836]
42,[89.079231]
43,[89.079224]
44,[89.507492]
45,[89.293358]
46,[89.5075]
47,[89.828697]
48,[89.93576]
49,[87.687363]
50,[89.935768]
51,[89.5075]
52,[90.042839]
53,[89.721626]
54,[88.5439]
55,[89.93576]
56,[89.935768]
57,[90.042824]
58,[90.256966]
59,[89.614563]
60,[89.5075]
61,[88.329765]
62,[89.614571]
63,[89.614563]
64,[89.186302]
65,[89.400421]
66,[89.721626]
67,[89.079239]
68,[89.400436]
69,[89.400436]
70,[89.721634]
71,[89.186302]
72,[89.293358]
73,[89.721634]
74,[89.614555]
75,[89.614563]
76,[89.721626]
77,[89.828697]
78,[89.93576]
79,[89.828697]
80,[89.828697]
81,[89.614555]
82,[89.293365]
83,[89.293365]
84,[89.5075]
85,[89.5075]
86,[89.614563]
87,[89.400429]
88,[89.5075]
89,[89.5075]
90,[89.721626]
91,[89.400436]
92,[89.400429]
93,[89.293365]
94,[89.400429]
95,[89.400429]
96,[86.72377]
97,[88.865105]
98,[89.828697]
99,[90.685226]
0,[67.180756]
1,[69.771744]
2,[71.992592]
3,[69.278229]
4,[71.930908]
5,[71.992592]
6,[74.213448]
7,[73.904999]
8,[73.10302]
9,[76.310913]
10,[75.44725]
11,[73.966682]
12,[77.421341]
13,[78.038246]
14,[76.681068]
15,[76.927826]
16,[77.976562]
17,[76.557678]
18,[78.778526]
19,[78.901909]
20,[76.927826]
21,[77.35965]
22,[79.210365]
23,[76.989517]
24,[77.297966]
25,[78.778534]
26,[78.285011]
27,[79.333748]
28,[79.086983]
29,[78.408394]
30,[78.655151]
31,[77.791489]
32,[78.716835]
33,[79.086983]
34,[77.051201]
35,[79.580505]
36,[77.668106]
37,[79.888954]
38,[77.236267]
39,[78.655151]
40,[79.272049]
41,[79.333748]
42,[79.272057]
43,[79.45713]
44,[79.457123]
45,[79.272057]
46,[78.840218]
47,[80.444176]
48,[78.901909]
49,[78.531769]
50,[78.963608]
51,[79.950653]
52,[80.752617]
53,[80.382469]
54,[77.791489]
55,[80.505859]
56,[78.408394]
57,[80.074028]
58,[79.518822]
59,[79.888954]
60,[79.827271]
61,[79.333748]
62,[79.210365]
63,[77.606407]
64,[79.210365]
65,[78.716835]
66,[77.791489]
67,[78.655151]
68,[77.791481]
69,[79.457123]
70,[79.333748]
71,[78.655159]
72,[78.655151]
73,[78.038254]
74,[77.791489]
75,[77.914871]
76,[78.778526]
77,[80.444168]
78,[78.840218]
79,[78.531776]
80,[79.148674]
81,[78.346703]
82,[78.408394]
83,[77.791481]
84,[78.223328]
85,[77.297958]
86,[78.59346]
87,[77.791489]
88,[78.531769]
89,[79.025291]
90,[78.840225]
91,[77.976547]
92,[79.210365]
93,[78.9636]
94,[79.518814]
95,[78.408394]
96,[79.457123]
97,[79.703888]
98,[80.135719]
99,[79.518822]
0,[78.846153]
1,[77.644234]
2,[80.769234]
3,[80.288467]
4,[82.932701]
5,[84.855774]
6,[85.096169]
7,[83.413467]
8,[84.375]
9,[82.692314]
10,[84.615395]
11,[86.057701]
12,[84.615387]
13,[84.134613]
14,[84.855774]
15,[84.375015]
16,[86.29808]
17,[87.740395]
18,[87.980774]
19,[84.855774]
20,[84.134621]
21,[82.932701]
22,[83.653854]
23,[84.615395]
24,[83.894241]
25,[86.057701]
26,[87.259628]
27,[84.855774]
28,[81.730774]
29,[87.5]
30,[87.500015]
31,[86.29808]
32,[86.057693]
33,[84.615387]
34,[84.855774]
35,[84.375015]
36,[85.817314]
37,[85.336533]
38,[85.817314]
39,[85.33654]
40,[84.855774]
41,[86.29808]
42,[86.29808]
43,[85.33654]
44,[85.33654]
45,[85.33654]
46,[83.17308]
47,[85.33654]
48,[85.33654]
49,[85.576927]
50,[82.692314]
51,[85.33654]
52,[86.538467]
53,[83.894241]
54,[83.653854]
55,[84.134621]
56,[82.932701]
57,[84.375015]
58,[85.817314]
59,[86.057701]
60,[86.057701]
61,[86.29808]
62,[85.096161]
63,[84.855774]
64,[85.576927]
65,[86.538467]
66,[85.096153]
67,[85.336533]
68,[85.33654]
69,[86.057701]
70,[85.096161]
71,[85.576942]
72,[85.817314]
73,[85.817314]
74,[85.576927]
75,[86.057701]
76,[86.057701]
77,[86.057701]
78,[86.29808]
79,[85.817314]
80,[86.057701]
81,[85.817314]
82,[85.817314]
83,[85.817314]
84,[85.817314]
85,[85.817314]
86,[85.817322]
87,[85.817314]
88,[85.817314]
89,[85.817314]
90,[85.817314]
91,[85.817314]
92,[85.817314]
93,[85.817314]
94,[85.817314]
95,[85.817314]
96,[85.817314]
97,[85.817314]
98,[85.817314]
99,[86.057701]
0,[67.688675]
0,[70.518867]
0,[67.452835]
1,[70.40094]
2,[69.33963]
3,[71.344337]
4,[72.877357]
5,[73.113213]
6,[69.693405]
7,[73.231133]
8,[72.641502]
9,[72.877357]
10,[70.518867]
11,[72.759438]
12,[70.636787]
13,[77.004715]
14,[74.17453]
15,[74.292458]
16,[76.179253]
17,[74.17453]
18,[76.061325]
19,[76.061317]
20,[79.127357]
21,[76.061325]
22,[77.35849]
23,[77.830193]
24,[77.240562]
25,[77.358482]
26,[74.646225]
27,[74.76416]
28,[75.943398]
29,[75.707542]
30,[75.471695]
31,[77.94812]
32,[77.594345]
33,[77.830193]
34,[77.122643]
35,[76.886787]
36,[76.886795]
37,[77.12265]
38,[77.240562]
39,[78.30188]
40,[76.061317]
41,[76.650948]
42,[78.301888]
43,[76.061325]
44,[77.594345]
45,[76.179253]
46,[79.127357]
47,[77.948105]
48,[78.655663]
49,[77.47641]
50,[76.886795]
51,[77.830193]
52,[76.53302]
53,[76.53302]
54,[77.830193]
55,[76.297173]
56,[77.24057]
57,[78.419815]
58,[78.301888]
59,[78.891502]
60,[78.419815]
61,[78.537735]
62,[78.18396]
63,[78.183968]
64,[78.183975]
65,[78.066048]
66,[78.06604]
67,[77.94812]
68,[77.94812]
69,[77.830193]
70,[77.948112]
71,[77.94812]
72,[78.06604]
73,[78.18396]
74,[78.06604]
75,[78.18396]
76,[77.948112]
77,[77.948112]
78,[77.948112]
79,[77.830193]
80,[78.066032]
81,[78.18396]
82,[78.183968]
83,[78.18396]
84,[77.948112]
85,[78.183968]
86,[78.06604]
87,[66.863213]
88,[70.872643]
89,[75.70755]
90,[76.297173]
91,[76.768867]
92,[77.240578]
93,[76.415092]
94,[75.471703]
95,[76.768867]
96,[74.88208]
97,[75.471703]
98,[76.415092]
99,[75.943398]
0,[60.385437]
1,[65.524628]
2,[68.629547]
3,[71.199142]
4,[74.73233]
5,[79.014984]
6,[82.226982]
7,[85.010704]
8,[84.582443]
9,[87.259102]
10,[88.008568]
11,[86.295509]
12,[86.616699]
13,[88.436829]
14,[88.008568]
15,[88.436829]
16,[89.293358]
17,[88.865105]
18,[90.042831]
19,[90.149895]
20,[88.008568]
21,[89.293358]
22,[86.830833]
23,[91.434692]
24,[89.935753]
25,[88.758034]
26,[88.650963]
27,[88.972168]
28,[89.293358]
29,[89.721619]
30,[90.042824]
31,[90.899361]
32,[90.899361]
33,[90.042824]
34,[90.364029]
35,[90.256966]
36,[90.364029]
37,[89.614563]
38,[90.471092]
39,[90.042831]
40,[90.471092]
41,[90.685226]
42,[88.436836]
43,[89.293358]
44,[90.042831]
45,[89.935753]
46,[90.685226]
47,[90.578156]
48,[89.186302]
49,[88.5439]
50,[90.792297]
51,[90.899361]
52,[90.899361]
53,[90.899361]
54,[90.256958]
55,[89.614563]
56,[90.256966]
57,[89.828697]
58,[90.149887]
59,[89.079231]
60,[89.828697]
61,[88.5439]
62,[90.364029]
63,[91.541756]
64,[90.899353]
65,[90.471092]
66,[89.614563]
67,[88.543907]
68,[89.507492]
69,[89.828697]
70,[89.828697]
71,[89.935768]
72,[89.5075]
73,[91.006432]
74,[90.149895]
75,[90.471092]
76,[90.471092]
77,[90.4711]
78,[90.149895]
79,[90.149895]
80,[90.149895]
81,[90.149902]
82,[90.149895]
83,[90.256973]
84,[90.256966]
85,[90.471092]
86,[90.471092]
87,[90.471092]
88,[90.471092]
89,[90.364029]
90,[90.364029]
91,[90.364037]
92,[90.364029]
93,[90.25695]
94,[90.25695]
95,[90.042831]
96,[90.042831]
97,[90.042831]
98,[90.149895]
99,[80.085648]
0,[70.018509]
1,[69.524986]
2,[69.895126]
3,[70.0802]
4,[72.547806]
5,[71.992599]
6,[74.151756]
7,[73.96669]
8,[74.090065]
9,[74.090073]
10,[74.398514]
11,[76.557671]
12,[74.336838]
13,[75.940781]
14,[77.483032]
15,[75.817398]
16,[76.681068]
17,[76.866135]
18,[78.038246]
19,[75.262177]
20,[78.716835]
21,[77.668098]
22,[76.372597]
23,[77.85318]
24,[77.668098]
25,[77.914864]
26,[77.544724]
27,[77.236267]
28,[77.483032]
29,[78.778534]
30,[76.74276]
31,[77.544724]
32,[77.48304]
33,[77.112892]
34,[79.33374]
35,[79.395432]
36,[78.901909]
37,[77.85318]
38,[78.655151]
39,[78.655151]
40,[79.210365]
41,[78.408386]
42,[77.544724]
43,[78.223312]
44,[76.557686]
45,[78.470078]
46,[78.038254]
47,[77.606415]
48,[77.483025]
49,[77.668106]
50,[77.791489]
51,[78.840225]
52,[77.668106]
53,[77.668106]
54,[78.470085]
55,[78.963608]
56,[77.174583]
57,[77.112892]
58,[78.778526]
59,[78.531769]
60,[78.840218]
61,[78.531769]
62,[77.729797]
63,[77.791481]
64,[78.408394]
65,[78.531769]
66,[77.853172]
67,[77.544724]
68,[78.59346]
69,[77.297958]
70,[79.086975]
71,[79.642197]
72,[78.901917]
73,[78.408394]
74,[78.223328]
75,[78.346703]
76,[77.85318]
77,[78.161629]
78,[78.346703]
79,[77.976555]
80,[78.09993]
81,[77.976555]
82,[78.716835]
83,[78.285011]
84,[77.976555]
85,[78.59346]
86,[77.668098]
87,[78.161629]
88,[78.531769]
89,[78.778534]
90,[79.210365]
91,[79.086983]
92,[77.606415]
93,[79.642197]
94,[78.655151]
95,[78.346695]
96,[79.827263]
97,[78.346703]
98,[79.025299]
99,[78.099945]
0,[79.326927]
1,[80.288467]
2,[80.769241]
3,[79.326927]
4,[80.288467]
5,[82.692314]
6,[83.894241]
7,[84.375015]
8,[83.894234]
9,[82.21154]
10,[84.855774]
11,[84.615395]
12,[85.817322]
13,[84.375008]
14,[84.855774]
15,[83.413467]
16,[84.134628]
17,[82.451927]
18,[82.211548]
19,[84.615387]
20,[84.855774]
21,[84.375008]
22,[85.33654]
23,[84.375008]
24,[84.375015]
25,[85.576927]
26,[83.653847]
27,[82.692314]
28,[82.692322]
29,[83.413467]
30,[82.692314]
31,[84.615395]
32,[84.375008]
33,[83.413467]
34,[85.096161]
35,[85.336555]
36,[87.259621]
37,[83.894226]
38,[85.817314]
39,[84.375]
40,[84.615395]
41,[84.134628]
42,[82.932701]
43,[85.33654]
44,[86.298088]
45,[85.817322]
46,[85.096161]
47,[84.855774]
48,[85.33654]
49,[85.096153]
50,[84.375008]
51,[85.096161]
52,[85.33654]
53,[85.33654]
54,[84.134621]
55,[81.250015]
56,[83.894241]
57,[85.096161]
58,[85.817314]
59,[86.057693]
60,[85.336548]
61,[84.615395]
62,[84.375008]
63,[85.576927]
64,[83.894241]
65,[83.653854]
66,[86.29808]
67,[83.413467]
68,[85.096169]
69,[86.057701]
70,[84.615395]
71,[85.57692]
72,[84.134628]
73,[83.653854]
74,[83.653847]
75,[84.855782]
76,[83.894241]
77,[85.33654]
78,[84.375008]
79,[85.096169]
80,[85.336555]
81,[85.096169]
82,[84.855782]
83,[84.855782]
84,[84.855782]
85,[84.855782]
86,[84.855782]
87,[84.855782]
88,[84.615395]
89,[84.615395]
90,[84.855782]
91,[84.855782]
92,[84.855782]
93,[84.615395]
94,[85.817314]
95,[85.576942]
96,[85.576942]
97,[85.576942]
98,[85.576942]
99,[85.576942]
0,[67.09906]
1,[66.98114]
2,[68.04245]
3,[69.339622]
4,[68.86792]
5,[69.33963]
6,[70.990562]
7,[73.820755]
8,[73.702835]
9,[73.34906]
10,[72.405663]
11,[76.061317]
12,[73.702827]
13,[72.641502]
14,[74.528305]
15,[75.117935]
16,[74.88208]
17,[76.297173]
18,[78.301895]
19,[77.830193]
20,[76.4151]
21,[74.410378]
22,[76.179245]
23,[78.655663]
24,[73.46698]
25,[76.886795]
26,[77.24057]
27,[75.117928]
28,[74.056602]
29,[76.061325]
30,[75.82547]
31,[76.650948]
32,[77.94812]
33,[76.65094]
34,[74.056595]
35,[74.88208]
36,[75.70755]
37,[76.76886]
38,[77.24057]
39,[77.35849]
40,[75.82547]
41,[75.471703]
42,[77.830193]
43,[77.122643]
44,[76.297173]
45,[75.471703]
46,[74.646225]
47,[76.533028]
48,[78.066048]
49,[76.297165]
50,[75.235847]
51,[76.768875]
52,[73.938683]
53,[74.056602]
54,[75.825478]
55,[77.12265]
56,[76.179245]
57,[77.004715]
58,[79.48114]
59,[77.830193]
60,[78.066048]
61,[77.476418]
62,[76.061317]
63,[76.297173]
64,[75.943398]
65,[76.650948]
66,[75.707542]
67,[78.419807]
68,[74.174538]
69,[76.297173]
70,[76.061317]
71,[76.768867]
72,[76.061317]
73,[75.0]
74,[76.65094]
75,[76.65094]
76,[77.712265]
77,[77.004715]
78,[76.886787]
79,[76.886795]
80,[77.47641]
81,[76.415092]
82,[76.886795]
83,[76.061317]
84,[76.415092]
85,[75.0]
86,[75.353775]
87,[74.88208]
88,[76.886787]
89,[76.179245]
90,[76.297173]
91,[76.297165]
92,[76.886795]
93,[75.707558]
94,[76.76886]
95,[73.23114]
96,[76.533028]
97,[76.886787]
98,[76.415085]
99,[76.297173]
0,[63.383301]
1,[63.169163]
2,[67.665955]
3,[72.48394]
4,[71.734474]
5,[78.051384]
6,[79.871521]
7,[81.69165]
8,[86.081367]
9,[87.580299]
10,[85.653099]
11,[87.794426]
12,[88.008568]
13,[89.93576]
14,[91.4347]
15,[87.794434]
16,[89.614555]
17,[89.5075]
18,[89.293358]
19,[90.685226]
20,[88.222694]
21,[89.721634]
22,[90.685234]
23,[88.5439]
24,[90.25695]
25,[91.113495]
26,[89.614563]
27,[89.614555]
28,[89.614563]
29,[89.079231]
30,[89.828697]
31,[91.113495]
32,[90.364021]
33,[90.792297]
34,[91.541756]
35,[90.149895]
36,[90.149895]
37,[90.364029]
38,[90.899353]
39,[88.758026]
40,[90.25695]
41,[89.828697]
42,[91.113487]
43,[90.364029]
44,[90.256966]
45,[89.614555]
46,[89.079224]
47,[89.721626]
48,[90.578156]
49,[89.721634]
50,[90.149902]
51,[89.82869]
52,[89.5075]
53,[89.721634]
54,[89.400421]
55,[89.721634]
56,[88.758026]
57,[89.5075]
58,[89.293358]
59,[90.149895]
60,[90.256958]
61,[91.006432]
62,[91.541763]
63,[90.471092]
64,[91.220558]
65,[91.006424]
66,[91.327629]
67,[90.899368]
68,[90.042824]
69,[90.578163]
70,[90.685226]
71,[90.685226]
72,[90.685226]
73,[90.899361]
74,[90.149902]
75,[90.149895]
76,[91.006424]
77,[90.899361]
78,[90.899361]
79,[91.113495]
80,[90.685226]
81,[91.006424]
82,[91.006432]
83,[90.899361]
84,[91.006424]
85,[91.113495]
86,[91.113495]
87,[91.327621]
88,[91.327621]
89,[91.327621]
90,[91.327629]
91,[90.899368]
92,[91.327621]
93,[91.327621]
94,[91.006424]
95,[91.113495]
96,[91.006432]
97,[91.113495]
98,[91.541756]
99,[91.541763]
0,[68.47625]
1,[68.599625]
2,[70.820488]
3,[71.499069]
4,[71.375687]
5,[72.054283]
6,[72.979645]
7,[72.85627]
8,[75.508949]
9,[74.892036]
10,[75.632324]
11,[74.830353]
12,[77.112892]
13,[77.297958]
14,[76.804436]
15,[76.187538]
16,[76.619362]
17,[77.791489]
18,[78.716835]
19,[77.914864]
20,[77.544724]
21,[77.051201]
22,[78.346703]
23,[78.038254]
24,[77.791481]
25,[77.914871]
26,[76.927826]
27,[77.606415]
28,[78.531769]
29,[79.148674]
30,[79.642197]
31,[79.642189]
32,[79.025284]
33,[78.963593]
34,[78.09993]
35,[80.752625]
36,[78.59346]
37,[77.976562]
38,[78.285011]
39,[79.025291]
40,[78.716835]
41,[77.791489]
42,[79.333733]
43,[78.408394]
44,[77.914864]
45,[78.840218]
46,[79.457123]
47,[79.025284]
48,[79.765579]
49,[78.59346]
50,[78.9636]
51,[78.038254]
52,[78.59346]
53,[78.593468]
54,[79.33374]
55,[78.346695]
56,[78.840218]
57,[78.346703]
58,[76.681061]
59,[76.742752]
60,[79.703888]
61,[78.531769]
62,[78.161636]
63,[77.791481]
64,[78.531769]
65,[78.470078]
66,[79.580505]
67,[77.112892]
68,[76.804436]
69,[77.668106]
70,[77.606415]
71,[79.457123]
72,[78.655151]
73,[77.914871]
74,[78.285004]
75,[77.544716]
76,[77.544724]
77,[77.976555]
78,[78.716835]
79,[78.655151]
80,[79.827263]
81,[79.827271]
82,[79.703888]
83,[79.518814]
84,[79.580505]
85,[79.580505]
86,[78.9636]
87,[79.45713]
88,[77.85318]
89,[78.901909]
90,[78.901909]
91,[78.531769]
92,[78.655151]
93,[78.59346]
94,[77.914864]
95,[78.161621]
96,[79.086975]
97,[78.408386]
98,[78.778526]
99,[78.655151]
0,[75.96154]
1,[79.08654]
2,[75.480774]
3,[81.971153]
4,[82.692314]
5,[81.971161]
6,[82.451927]
7,[84.375]
8,[82.451927]
9,[82.211548]
10,[83.894234]
11,[81.490395]
12,[84.855774]
13,[83.413467]
14,[81.490387]
15,[86.29808]
16,[85.576927]
17,[81.490387]
18,[78.365387]
19,[84.615395]
20,[84.855766]
21,[85.817314]
22,[84.375015]
23,[87.019241]
24,[81.730774]
25,[85.576935]
26,[85.096153]
27,[85.817322]
28,[84.855774]
29,[81.250008]
30,[82.692314]
31,[85.576927]
32,[85.576927]
33,[85.336548]
34,[87.019234]
35,[82.21154]
36,[79.326927]
37,[82.451935]
38,[84.375]
39,[84.615395]
40,[86.538467]
41,[83.17308]
42,[85.576935]
43,[84.375]
44,[84.615395]
45,[84.134628]
46,[84.855782]
47,[84.375015]
48,[84.855782]
49,[84.134628]
50,[86.29808]
51,[83.653854]
52,[84.375]
53,[83.894241]
54,[82.21154]
55,[82.932701]
56,[86.538467]
57,[87.019226]
58,[85.576927]
59,[85.096153]
60,[85.33654]
61,[85.096161]
62,[85.096161]
63,[85.576935]
64,[85.096161]
65,[84.375015]
66,[85.336555]
67,[85.817314]
68,[84.855782]
69,[84.375008]
70,[85.096153]
71,[84.375015]
72,[85.576935]
73,[85.576935]
74,[85.576927]
75,[84.855766]
76,[84.615387]
77,[85.576927]
78,[84.615395]
79,[83.653854]
80,[87.500008]
81,[82.692314]
82,[85.336548]
83,[87.259621]
84,[86.057701]
85,[85.576927]
86,[85.336548]
87,[85.817322]
88,[85.817314]
89,[86.057701]
90,[85.817314]
91,[85.817307]
92,[86.057686]
93,[86.057686]
94,[86.538467]
95,[86.538467]
96,[86.29808]
97,[86.057693]
98,[86.298073]
99,[86.057693]
0,[69.103775]
1,[68.985855]
2,[70.754715]
3,[71.81604]
4,[70.636787]
5,[66.863213]
6,[71.22641]
7,[72.52359]
0,[68.51416]
1,[68.51416]
2,[69.339622]
3,[70.636787]
4,[70.047173]
5,[71.22641]
6,[71.698112]
7,[70.99057]
8,[71.344337]
9,[76.061325]
10,[73.113213]
11,[75.11792]
12,[72.877365]
13,[75.353775]
14,[76.179245]
15,[76.179253]
16,[77.35849]
17,[74.056602]
18,[77.476418]
19,[77.24057]
20,[76.886795]
21,[76.53302]
22,[75.0]
23,[77.94812]
24,[77.830193]
25,[77.712265]
26,[78.655663]
27,[77.47641]
28,[77.830193]
29,[75.589622]
30,[75.353775]
31,[77.594337]
32,[76.886787]
33,[76.650948]
34,[75.353775]
35,[76.061325]
36,[76.768875]
37,[75.943398]
38,[78.066032]
39,[77.594345]
40,[77.358498]
41,[76.061317]
42,[77.594337]
43,[78.301895]
44,[78.06604]
45,[78.537735]
46,[74.05661]
47,[77.712265]
48,[77.12265]
49,[77.712265]
50,[77.47641]
51,[75.70755]
52,[76.4151]
53,[77.122643]
54,[77.594345]
55,[77.12265]
56,[75.82547]
57,[76.4151]
58,[77.122643]
59,[76.650955]
60,[78.89151]
61,[78.30188]
62,[75.58963]
63,[77.712265]
64,[77.004715]
65,[73.820755]
66,[76.415092]
67,[75.117928]
68,[77.594345]
69,[77.24057]
70,[77.240562]
71,[77.47641]
72,[75.943405]
73,[76.297173]
74,[76.297173]
75,[75.589622]
76,[75.58963]
77,[78.655663]
78,[75.943398]
79,[77.830185]
80,[76.061333]
81,[76.297173]
82,[76.650948]
83,[77.476418]
84,[77.240562]
85,[76.53302]
86,[77.004715]
87,[77.12265]
88,[77.24057]
89,[77.240578]
90,[77.358498]
91,[77.35849]
92,[77.476418]
93,[77.712265]
94,[77.240578]
95,[77.712265]
96,[77.24057]
97,[77.12265]
98,[77.240578]
99,[77.47641]
0,[67.688683]
1,[70.872643]
2,[67.21698]
3,[70.04718]
4,[69.103775]
5,[68.985855]
6,[69.929245]
7,[71.81604]
8,[71.81604]
9,[73.349052]
10,[72.75943]
11,[74.41037]
12,[73.113205]
13,[73.349052]
14,[74.88208]
15,[74.292458]
16,[73.5849]
17,[77.004715]
18,[75.235847]
19,[76.886787]
20,[76.53302]
21,[76.415092]
22,[76.768875]
23,[76.768867]
24,[74.764153]
25,[76.061317]
26,[77.358498]
27,[75.943398]
28,[75.471695]
29,[76.061317]
30,[76.4151]
31,[74.764153]
32,[75.58963]
33,[76.061325]
34,[75.70755]
35,[76.4151]
36,[76.4151]
37,[75.353775]
38,[74.528297]
39,[76.061317]
40,[75.353775]
41,[75.58963]
42,[77.24057]
43,[77.12265]
44,[76.297173]
45,[77.004715]
46,[76.886787]
47,[75.82547]
48,[75.589622]
49,[75.11792]
50,[76.650955]
51,[76.768875]
52,[75.000008]
53,[74.292458]
54,[75.70755]
55,[77.24057]
56,[74.410378]
57,[75.82547]
58,[73.466988]
59,[73.5849]
60,[75.707558]
61,[74.646225]
62,[76.29718]
63,[75.70755]
64,[75.0]
65,[73.5849]
66,[77.004715]
67,[76.179245]
68,[77.830193]
69,[76.061317]
70,[77.240562]
71,[75.943398]
72,[76.76886]
73,[74.646225]
74,[74.056602]
75,[75.707558]
76,[75.353775]
77,[77.358482]
78,[74.999992]
79,[75.943398]
80,[76.179245]
81,[76.179245]
82,[76.179253]
83,[72.52359]
84,[77.004715]
85,[75.117928]
86,[76.179245]
87,[76.768875]
88,[76.53302]
89,[76.415092]
90,[76.533012]
91,[76.768867]
92,[76.768867]
93,[76.768867]
94,[76.76886]
95,[76.886787]
96,[76.76886]
97,[76.886787]
98,[77.122643]
99,[77.122635]
0,[67.688683]
1,[69.221703]
2,[70.400948]
3,[70.400948]
4,[71.69812]
5,[70.754715]
6,[70.400955]
7,[70.636787]
8,[72.64151]
9,[69.69339]
10,[68.867928]
11,[73.113213]
12,[73.46698]
13,[72.995285]
14,[71.462265]
15,[71.698112]
16,[73.113213]
17,[75.117912]
18,[71.462265]
19,[75.707542]
20,[73.584908]
21,[73.349052]
22,[74.056602]
23,[74.410378]
24,[73.938683]
25,[76.65094]
26,[72.995285]
27,[71.93396]
28,[73.702827]
29,[75.0]
30,[73.702827]
31,[73.820755]
32,[72.995285]
33,[74.056602]
34,[74.292458]
35,[72.405663]
36,[74.05661]
37,[73.113213]
38,[74.056602]
39,[74.528297]
40,[73.820755]
41,[72.759438]
42,[75.825478]
43,[75.23584]
44,[75.0]
45,[73.820755]
46,[74.764153]
47,[74.17453]
48,[74.646225]
49,[75.82547]
50,[75.471695]
51,[74.056602]
52,[74.292458]
53,[73.113205]
54,[75.117928]
55,[75.471703]
56,[75.58963]
57,[73.938683]
58,[73.938683]
59,[75.353775]
60,[74.292458]
61,[74.174538]
62,[75.471703]
63,[74.410385]
64,[74.76416]
65,[75.235847]
66,[74.05661]
67,[75.11792]
68,[74.764153]
69,[74.764153]
70,[75.0]
71,[74.764153]
72,[75.0]
73,[75.0]
74,[75.235847]
75,[75.235847]
76,[75.235847]
77,[75.235847]
78,[75.235847]
79,[75.235847]
80,[75.235847]
81,[75.235847]
82,[75.353775]
83,[75.353775]
84,[75.353775]
85,[75.235847]
86,[75.117928]
87,[75.117928]
88,[75.235847]
89,[75.0]
90,[75.0]
91,[75.353775]
92,[75.353775]
93,[75.235847]
94,[66.39151]
95,[67.334908]
96,[72.877357]
97,[74.41037]
98,[75.58963]
99,[74.764145]
0,[66.745285]
1,[68.160378]
2,[68.867928]
3,[69.45755]
4,[67.80661]
5,[70.754715]
6,[71.10849]
7,[71.816032]
8,[71.344337]
9,[72.405663]
10,[72.64151]
11,[74.410378]
12,[71.93396]
13,[75.82547]
14,[73.23114]
15,[75.471703]
16,[76.65094]
17,[76.768875]
18,[74.76416]
19,[74.646233]
20,[77.35849]
21,[77.476425]
22,[77.122643]
23,[76.65094]
24,[74.646225]
25,[80.424522]
26,[77.240562]
27,[75.471703]
28,[77.35849]
29,[76.061325]
30,[76.179245]
31,[77.004715]
32,[75.943398]
33,[75.707558]
34,[76.768867]
35,[76.179245]
36,[77.122643]
37,[76.65094]
38,[78.18396]
39,[76.061317]
40,[75.825478]
41,[77.830193]
42,[77.712265]
43,[76.179245]
44,[77.004723]
45,[77.594337]
46,[74.646225]
47,[76.65094]
48,[77.004715]
49,[74.29245]
50,[75.11792]
51,[77.94812]
52,[75.825478]
53,[76.65094]
54,[77.240578]
55,[78.419815]
56,[78.06604]
57,[77.004715]
58,[78.301888]
59,[75.589622]
60,[77.594337]
61,[78.06604]
62,[78.30188]
63,[79.12735]
64,[78.419807]
65,[78.77359]
66,[79.245277]
67,[79.363213]
68,[78.419807]
69,[78.301888]
70,[78.89151]
71,[78.77359]
72,[78.655663]
73,[78.655663]
74,[78.891502]
75,[78.89151]
76,[79.245285]
77,[79.245285]
78,[79.245285]
79,[75.825478]
80,[77.476418]
81,[77.830193]
82,[77.594337]
83,[78.891518]
84,[79.009438]
85,[78.89151]
86,[77.830193]
87,[77.830185]
88,[79.363213]
89,[78.891518]
90,[79.009438]
91,[79.127357]
92,[79.009438]
93,[79.599052]
94,[79.716988]
95,[79.363213]
96,[79.363213]
97,[79.716988]
98,[79.716988]
99,[79.834908]
0,[65.56604]
1,[68.750008]
2,[69.103775]
3,[71.108498]
4,[69.693398]
5,[69.221703]
6,[68.278297]
7,[71.108482]
8,[70.40094]
9,[70.636795]
10,[73.34906]
11,[71.698112]
12,[73.584908]
13,[74.056602]
14,[74.056602]
15,[74.646225]
16,[73.113213]
17,[74.764153]
18,[72.051888]
19,[76.65094]
20,[75.707558]
21,[75.825478]
22,[75.11792]
23,[74.76416]
24,[75.70755]
25,[75.589622]
26,[74.646225]
27,[77.122643]
28,[76.061325]
29,[75.58963]
30,[74.764153]
31,[76.179245]
32,[76.650948]
33,[75.0]
34,[75.589622]
35,[75.353775]
36,[76.886803]
37,[76.768867]
38,[77.24057]
39,[74.056602]
40,[73.938675]
41,[74.174522]
42,[75.70755]
43,[76.179245]
44,[76.297173]
45,[76.53302]
46,[76.4151]
47,[76.061325]
48,[76.768867]
49,[76.4151]
50,[75.11792]
51,[75.0]
52,[77.830193]
53,[76.061317]
54,[75.235847]
55,[75.70755]
56,[76.533012]
57,[75.471703]
58,[76.297173]
59,[76.886795]
60,[75.589622]
61,[76.4151]
62,[76.76886]
63,[77.240578]
64,[76.886787]
65,[77.004715]
66,[77.240562]
67,[76.650948]
68,[76.65094]
69,[76.886787]
70,[76.886787]
71,[76.76886]
72,[77.004715]
73,[76.768867]
74,[76.53302]
75,[76.415092]
76,[76.53302]
77,[77.122643]
78,[76.53302]
79,[76.415092]
80,[76.297173]
81,[76.297173]
82,[76.4151]
83,[76.533012]
84,[76.65094]
85,[76.65094]
86,[76.65094]
87,[76.533012]
88,[76.76886]
89,[76.650932]
90,[76.65094]
91,[76.533012]
92,[76.650932]
93,[76.650932]
94,[76.886787]
95,[77.004715]
96,[76.886787]
97,[76.886787]
98,[77.122643]
99,[76.886795]
0,[61.563164]
1,[63.704491]
2,[69.379013]
3,[73.44754]
4,[71.627411]
5,[79.443253]
6,[81.370453]
7,[84.368309]
8,[86.295502]
9,[83.083511]
10,[87.580299]
11,[86.509628]
12,[87.901512]
13,[87.044968]
14,[87.259102]
15,[88.865105]
16,[86.937889]
17,[88.758041]
18,[88.865105]
19,[88.650963]
20,[88.22271]
21,[88.97216]
22,[88.436836]
23,[89.935768]
24,[88.865105]
25,[88.543892]
26,[88.329765]
27,[88.543892]
28,[88.5439]
29,[89.079224]
30,[89.614563]
31,[89.293358]
32,[89.507492]
33,[89.293373]
34,[89.293365]
35,[90.578163]
36,[89.079224]
37,[89.828697]
38,[88.650963]
39,[89.079224]
40,[87.473228]
41,[86.616699]
42,[88.650963]
43,[88.865097]
44,[88.97216]
45,[88.650963]
46,[88.758026]
47,[89.614563]
48,[88.650963]
49,[89.5075]
50,[90.471092]
51,[89.293365]
52,[89.935768]
0,[69.693398]
1,[70.28302]
2,[71.344337]
3,[71.344337]
4,[68.51416]
5,[70.872643]
6,[70.047173]
7,[70.1651]
8,[73.231133]
9,[72.287735]
10,[70.165092]
11,[73.113213]
12,[73.34906]
13,[75.353775]
14,[75.471703]
15,[74.17453]
16,[76.886795]
17,[76.53302]
18,[75.117928]
19,[76.4151]
20,[75.471703]
21,[75.471703]
22,[73.34906]
23,[76.4151]
24,[75.707542]
25,[76.297173]
26,[75.943398]
27,[76.886787]
28,[76.886787]
29,[75.353775]
30,[75.471703]
31,[73.820755]
32,[74.17453]
33,[76.061325]
34,[78.419815]
35,[76.297173]
36,[75.0]
37,[78.18396]
38,[75.117928]
39,[76.650948]
40,[74.528297]
41,[77.004723]
42,[74.17453]
43,[76.179245]
44,[75.353775]
45,[75.471703]
46,[74.410378]
47,[75.353767]
48,[76.297173]
49,[75.707542]
50,[76.65094]
51,[74.528297]
52,[75.117928]
53,[75.0]
54,[75.0]
55,[75.000008]
56,[74.764153]
57,[74.646225]
58,[75.235855]
59,[75.943398]
60,[75.0]
61,[74.174522]
62,[76.4151]
63,[76.533012]
64,[78.18396]
65,[74.88208]
66,[76.297173]
67,[76.415092]
68,[74.764153]
69,[76.4151]
70,[77.948112]
71,[76.297173]
72,[78.183968]
73,[77.47641]
74,[74.528297]
75,[77.35849]
76,[76.297173]
77,[75.589622]
78,[75.70755]
79,[77.594345]
80,[75.353775]
81,[77.240578]
82,[77.122643]
83,[76.533028]
84,[76.4151]
85,[76.768875]
86,[76.533028]
87,[76.768875]
88,[75.943398]
89,[76.061325]
90,[76.061317]
91,[76.061317]
92,[76.061317]
93,[76.533028]
94,[76.4151]
95,[76.53302]
96,[76.4151]
97,[76.4151]
98,[76.061317]
99,[76.297173]
0,[58.779442]
1,[64.346901]
2,[67.558884]
3,[68.843689]
4,[73.340477]
5,[74.625259]
6,[83.940041]
7,[81.798721]
8,[84.79657]
9,[84.261246]
10,[82.226974]
11,[87.580307]
12,[88.758034]
13,[87.259094]
14,[89.721626]
15,[88.222694]
16,[89.293358]
17,[88.650963]
18,[88.115639]
19,[86.937897]
20,[88.758026]
21,[89.400429]
22,[88.865097]
23,[89.400429]
24,[88.436829]
25,[88.00856]
26,[88.008568]
27,[87.473228]
28,[88.5439]
29,[89.293358]
30,[87.794426]
31,[89.721634]
32,[89.079224]
33,[88.758026]
34,[87.794434]
35,[88.222694]
36,[88.97216]
37,[88.436829]
38,[89.5075]
39,[90.042831]
40,[89.186295]
41,[88.972168]
42,[88.758026]
43,[88.543907]
44,[89.186302]
45,[87.473228]
46,[88.543892]
47,[89.935768]
48,[88.758034]
49,[87.152031]
50,[88.329765]
51,[89.186302]
52,[89.5075]
53,[88.865105]
54,[88.115631]
55,[88.758034]
56,[89.293365]
57,[88.008568]
58,[89.400436]
59,[89.079239]
60,[89.5075]
61,[90.149902]
62,[89.400421]
63,[88.115631]
64,[88.650963]
65,[89.5075]
66,[89.079224]
67,[88.972168]
68,[90.042831]
69,[88.115623]
70,[89.828697]
71,[88.329765]
72,[89.186302]
73,[89.93576]
74,[89.614555]
75,[89.400436]
76,[89.400436]
77,[89.5075]
78,[89.5075]
79,[89.5075]
80,[89.186302]
81,[84.903633]
82,[89.186302]
83,[89.400429]
84,[88.650963]
85,[89.186302]
86,[88.329765]
87,[88.97216]
88,[89.186295]
89,[89.186295]
90,[88.758026]
91,[88.115631]
92,[88.115631]
93,[88.758026]
94,[88.758026]
95,[88.97216]
96,[88.758026]
97,[88.758026]
98,[88.436829]
99,[88.650955]
0,[69.278214]
1,[68.352867]
2,[69.648369]
3,[70.388641]
4,[71.499077]
5,[70.758789]
6,[71.19062]
7,[71.930908]
8,[75.323875]
9,[75.44725]
10,[75.694016]
11,[76.372604]
12,[76.249229]
13,[76.434296]
14,[76.804443]
15,[76.927826]
16,[75.879089]
17,[77.544724]
18,[77.729797]
19,[78.470078]
20,[78.840218]
21,[79.08699]
22,[78.531769]
23,[77.112892]
24,[77.606415]
25,[76.125847]
26,[78.778526]
27,[77.112892]
28,[79.025284]
29,[79.457123]
30,[79.148674]
31,[77.35965]
32,[78.655151]
33,[78.531769]
34,[78.655151]
35,[78.038246]
36,[77.668106]
37,[76.98951]
38,[78.408394]
39,[78.9636]
40,[78.901901]
41,[79.086983]
42,[80.135712]
43,[80.567543]
44,[79.395432]
45,[77.544724]
46,[80.259094]
47,[79.148674]
48,[77.483032]
49,[78.655151]
50,[78.038254]
51,[78.901909]
52,[79.457115]
53,[79.148674]
54,[79.272057]
55,[79.45713]
56,[79.703888]
57,[77.853172]
58,[78.9636]
59,[78.531769]
60,[77.421349]
61,[79.025291]
62,[76.310913]
63,[77.976555]
64,[77.35965]
65,[78.223328]
66,[77.976555]
67,[79.148674]
68,[79.333733]
69,[78.840218]
70,[77.297958]
71,[77.791489]
72,[78.038254]
73,[78.223312]
74,[79.210365]
75,[80.752625]
76,[77.914864]
77,[77.914864]
78,[78.099945]
79,[78.470078]
80,[78.470078]
81,[78.038246]
82,[78.038254]
83,[77.85318]
84,[78.223312]
85,[78.161629]
86,[78.22332]
87,[78.59346]
88,[78.59346]
89,[78.59346]
90,[78.346695]
91,[78.346695]
92,[78.716835]
93,[76.557678]
94,[79.086983]
95,[79.395439]
96,[79.580505]
97,[79.33374]
98,[78.470085]
99,[79.148674]
0,[78.846153]
1,[81.730774]
2,[81.490395]
3,[81.730774]
4,[81.25]
5,[83.17308]
6,[80.288467]
7,[85.096153]
8,[82.932701]
9,[85.096169]
10,[83.413467]
11,[85.096153]
12,[84.375015]
13,[81.971153]
14,[82.932701]
15,[84.134628]
16,[84.855774]
17,[85.096153]
18,[82.21154]
19,[83.894241]
20,[85.336555]
21,[83.894241]
22,[86.29808]
23,[85.576935]
24,[82.692314]
25,[83.894241]
26,[81.971153]
27,[81.730774]
28,[83.173073]
29,[82.451927]
30,[83.653854]
31,[84.134621]
32,[82.932701]
33,[81.490395]
34,[83.894234]
35,[82.451935]
36,[83.413467]
37,[83.894241]
38,[84.615395]
39,[82.932701]
40,[83.413467]
41,[82.932701]
42,[86.538467]
43,[84.615395]
44,[84.375015]
45,[86.29808]
46,[85.576927]
47,[83.653854]
48,[85.33654]
49,[82.21154]
50,[83.653854]
51,[83.894241]
52,[83.413467]
53,[83.413467]
54,[83.413467]
55,[83.413467]
56,[83.653854]
57,[83.413467]
58,[83.413467]
59,[83.413467]
60,[83.653854]
61,[83.413467]
62,[83.653854]
63,[83.653854]
64,[83.653854]
65,[83.653854]
66,[82.692314]
67,[82.692314]
68,[82.451927]
69,[82.451927]
70,[82.451927]
71,[82.451927]
72,[82.451927]
73,[82.451927]
74,[82.692314]
75,[82.692314]
76,[82.692314]
77,[82.692314]
78,[82.692314]
79,[82.692314]
80,[78.125]
81,[79.567314]
82,[82.932701]
83,[82.21154]
84,[85.096169]
85,[86.538467]
86,[86.538467]
87,[85.096169]
88,[84.855774]
89,[84.134621]
90,[83.17308]
91,[84.615395]
92,[84.855782]
93,[84.134628]
94,[84.615395]
95,[84.615395]
96,[84.615395]
97,[83.894241]
98,[84.375015]
99,[84.615395]
0,[66.39151]
1,[69.457558]
2,[69.929245]
3,[69.811325]
4,[70.99057]
5,[69.69339]
6,[72.759438]
7,[69.929245]
8,[72.051888]
9,[72.52359]
10,[72.169807]
11,[72.877357]
12,[72.877365]
13,[74.29245]
14,[72.52359]
15,[76.4151]
16,[72.995285]
17,[73.702827]
18,[73.584915]
19,[74.410378]
20,[75.353775]
21,[75.0]
22,[75.82547]
23,[76.061317]
24,[75.353775]
25,[75.943398]
26,[76.65094]
27,[75.70755]
28,[73.34906]
29,[75.94339]
30,[76.4151]
31,[75.353775]
32,[75.471703]
33,[73.702827]
34,[75.353775]
35,[75.58963]
36,[77.830193]
37,[76.179245]
38,[76.533012]
39,[75.353775]
40,[75.58963]
41,[73.34906]
42,[75.58963]
43,[76.650948]
44,[76.4151]
45,[73.820755]
46,[74.410378]
47,[76.179245]
48,[75.117928]
49,[77.240578]
50,[72.877357]
51,[76.768867]
52,[76.061317]
53,[74.646225]
54,[76.650948]
55,[76.061325]
56,[74.764153]
57,[75.943398]
58,[75.471703]
59,[75.589622]
60,[75.353775]
61,[75.117928]
62,[75.353775]
63,[75.0]
64,[75.117928]
65,[75.235847]
66,[75.58963]
67,[75.471703]
68,[75.471703]
69,[75.471703]
70,[72.64151]
71,[75.11792]
72,[77.594337]
73,[75.943398]
74,[77.004715]
75,[75.471703]
76,[77.24057]
77,[76.886795]
78,[77.004715]
79,[77.358482]
80,[77.47641]
81,[75.471703]
82,[75.117928]
83,[75.353775]
84,[75.235847]
85,[75.353783]
86,[75.000008]
87,[75.943398]
88,[76.061317]
89,[76.297173]
90,[76.4151]
91,[71.580193]
92,[77.594337]
93,[76.650948]
94,[77.712265]
95,[76.886795]
96,[77.47641]
97,[77.594337]
98,[78.06604]
99,[77.004715]
0,[61.349033]
1,[61.670238]
2,[69.379013]
3,[69.379013]
4,[74.946472]
5,[79.443253]
6,[83.190575]
7,[82.334045]
8,[86.295494]
9,[86.616699]
10,[85.76017]
11,[89.935753]
12,[87.152031]
13,[89.5075]
14,[88.543907]
15,[90.471092]
16,[90.042824]
17,[87.044968]
18,[89.400429]
19,[91.434692]
20,[89.079224]
21,[87.794434]
22,[89.186295]
23,[89.828697]
24,[88.008568]
25,[88.97216]
26,[89.828697]
27,[89.828697]
28,[88.329765]
29,[89.079231]
30,[88.758034]
31,[90.471092]
32,[91.327629]
33,[89.186302]
34,[90.042831]
35,[89.614555]
36,[90.471092]
37,[90.471092]
38,[90.042831]
39,[88.972168]
40,[90.471092]
41,[89.186295]
42,[88.115631]
43,[89.186302]
44,[88.865105]
45,[89.079239]
46,[89.186302]
47,[89.293358]
48,[88.436836]
49,[88.436821]
50,[90.471092]
51,[90.578156]
52,[91.113487]
53,[90.256966]
54,[91.327629]
55,[90.256966]
56,[90.685219]
57,[86.616699]
58,[87.473236]
59,[89.079231]
60,[87.901505]
61,[90.149902]
62,[90.364029]
63,[87.794434]
64,[88.650963]
65,[89.828697]
66,[89.293358]
67,[87.580307]
68,[89.186302]
69,[88.758026]
70,[88.115631]
71,[88.436829]
72,[88.436836]
73,[90.792297]
74,[90.364037]
75,[89.293358]
76,[89.721626]
77,[89.721634]
78,[89.614563]
79,[89.828697]
80,[88.865105]
81,[88.650963]
82,[90.364029]
83,[88.865097]
84,[90.364029]
85,[88.222702]
86,[89.079231]
87,[90.042831]
88,[90.149895]
89,[90.685226]
90,[90.685226]
91,[90.685226]
92,[90.578163]
93,[90.578163]
94,[90.578163]
95,[90.471092]
96,[90.578163]
97,[90.578156]
98,[90.578156]
99,[90.578156]
0,[68.291168]
1,[69.401604]
2,[71.930908]
3,[68.84639]
4,[72.239349]
5,[70.82048]
6,[71.437386]
7,[73.164711]
8,[71.19062]
9,[71.930908]
10,[74.830353]
11,[74.953735]
12,[76.187531]
13,[77.421341]
14,[75.323868]
15,[76.742744]
16,[76.557678]
17,[76.495987]
18,[76.310913]
19,[76.372612]
20,[77.112892]
21,[76.187538]
22,[76.804443]
23,[77.112892]
24,[76.372612]
25,[77.297958]
26,[76.681053]
27,[76.742752]
28,[77.729797]
29,[76.927818]
30,[77.668114]
31,[75.694016]
32,[77.976555]
33,[76.372612]
34,[75.879082]
35,[76.742744]
36,[76.310921]
37,[77.112892]
38,[76.927818]
39,[77.236275]
40,[76.557686]
41,[77.85318]
42,[77.112892]
43,[77.236275]
44,[77.236267]
45,[77.421341]
46,[76.989517]
47,[78.655151]
48,[77.544724]
49,[78.223312]
50,[77.35965]
51,[77.976555]
52,[78.655151]
53,[77.35965]
54,[78.531769]
55,[76.98951]
56,[78.408394]
57,[76.002464]
58,[77.483032]
59,[76.557686]
60,[76.927826]
61,[77.236267]
62,[76.927818]
63,[77.791489]
64,[77.35965]
65,[77.791481]
66,[77.297958]
67,[79.827271]
68,[77.914871]
69,[76.866135]
70,[77.668098]
71,[78.901909]
72,[78.346703]
73,[77.914871]
74,[77.606415]
75,[77.976555]
76,[77.85318]
77,[77.914871]
78,[77.976562]
79,[78.285011]
80,[76.866127]
81,[77.051201]
82,[77.606415]
83,[78.716835]
84,[77.853172]
85,[77.729797]
86,[78.285011]
87,[77.544731]
88,[78.285011]
89,[77.72979]
90,[78.161629]
91,[77.853172]
92,[77.853172]
93,[78.655151]
94,[79.518814]
95,[78.716835]
96,[76.557671]
97,[78.038246]
98,[78.470078]
99,[78.531769]
0,[76.92308]
1,[77.644234]
2,[82.211548]
3,[79.08654]
4,[80.528854]
5,[85.817322]
6,[82.932701]
7,[84.855782]
8,[83.413467]
9,[84.375015]
10,[84.375015]
11,[82.451927]
12,[82.451927]
13,[84.855782]
14,[83.894241]
15,[81.730774]
16,[83.894241]
17,[82.21154]
18,[83.894234]
19,[86.29808]
20,[85.33654]
21,[84.615395]
22,[83.894241]
23,[81.971161]
24,[83.17308]
25,[84.375008]
26,[85.33654]
27,[86.538467]
28,[86.538467]
29,[86.778854]
30,[84.615395]
31,[85.817314]
32,[84.615395]
33,[83.413467]
34,[83.413467]
35,[84.375]
36,[87.019241]
37,[84.615395]
38,[83.894234]
39,[84.615395]
40,[84.615395]
41,[85.336548]
42,[84.134628]
43,[84.855774]
44,[85.576935]
45,[85.336548]
46,[85.576942]
47,[85.817314]
48,[85.096169]
49,[81.730774]
50,[87.980782]
51,[86.778854]
52,[86.29808]
53,[85.817314]
54,[85.817314]
55,[85.33654]
56,[85.096161]
57,[85.57692]
58,[85.576927]
59,[85.576927]
60,[86.057701]
61,[85.33654]
62,[83.894234]
63,[83.413467]
64,[83.17308]
65,[84.855774]
66,[86.778854]
67,[86.778854]
68,[86.057701]
69,[83.894241]
70,[83.413467]
71,[83.894234]
72,[86.057709]
73,[85.336555]
74,[84.615395]
75,[83.17308]
76,[83.413467]
77,[83.653854]
78,[86.057701]
79,[84.375]
80,[85.096169]
81,[85.096153]
82,[85.096153]
83,[85.096153]
84,[84.855774]
85,[85.576927]
86,[84.375015]
87,[85.576942]
88,[85.817314]
89,[85.576927]
90,[85.576927]
91,[85.576927]
92,[85.576927]
93,[85.576927]
94,[85.576927]
95,[85.33654]
96,[85.576927]
97,[81.250008]
98,[82.932701]
99,[85.336548]
0,[68.278305]
1,[68.278305]
2,[68.63208]
3,[69.929245]
4,[70.047173]
5,[67.334908]
6,[70.28302]
7,[73.584915]
8,[72.759438]
9,[73.938683]
10,[71.69812]
11,[76.650955]
12,[76.061325]
13,[75.825462]
14,[75.235855]
15,[76.179245]
16,[73.349052]
17,[76.297173]
18,[75.353775]
19,[75.471703]
20,[74.764153]
21,[75.943405]
22,[76.53302]
23,[75.707542]
24,[75.471703]
25,[75.0]
26,[74.17453]
27,[74.174522]
28,[76.179245]
29,[76.061317]
30,[75.11792]
31,[75.117928]
32,[75.353775]
33,[75.707558]
34,[76.650948]
35,[77.004723]
36,[77.476418]
37,[78.06604]
38,[76.061317]
39,[75.353775]
40,[75.471703]
41,[75.353775]
42,[75.589622]
43,[75.825478]
44,[76.061317]
45,[75.353775]
46,[75.0]
47,[76.179245]
48,[76.650948]
49,[76.53302]
50,[75.58963]
51,[75.471703]
52,[75.825478]
53,[76.886795]
54,[76.297173]
55,[75.589622]
56,[76.415092]
57,[76.76886]
58,[75.943398]
59,[75.70755]
60,[75.943398]
61,[76.768875]
62,[76.650948]
63,[76.650948]
64,[73.820755]
65,[75.353767]
66,[77.830185]
67,[76.4151]
68,[78.06604]
69,[78.066048]
70,[77.358498]
71,[78.419807]
72,[78.537735]
73,[78.06604]
74,[78.06604]
75,[78.419807]
76,[78.301895]
77,[78.183968]
78,[77.712265]
79,[78.066048]
80,[77.712265]
81,[77.712265]
82,[77.712265]
83,[77.712265]
84,[77.712265]
85,[77.712265]
86,[77.712265]
87,[77.594337]
88,[77.594337]
89,[77.712265]
90,[77.712265]
91,[77.712265]
92,[77.712273]
93,[77.712265]
94,[77.712273]
95,[77.712273]
96,[77.712273]
97,[77.712273]
98,[77.712273]
99,[77.712265]
0,[61.884369]
1,[62.312634]
2,[67.344757]
3,[72.805138]
4,[76.980728]
5,[74.73233]
6,[82.762314]
7,[80.085655]
8,[84.689507]
9,[86.081375]
10,[86.509636]
11,[87.687363]
12,[87.68737]
13,[88.758034]
14,[85.438972]
15,[88.97216]
16,[87.473236]
17,[88.650963]
18,[85.331902]
19,[89.186302]
20,[87.901497]
21,[87.901497]
22,[88.650963]
23,[88.329758]
24,[86.402565]
25,[89.721634]
26,[90.578156]
27,[90.256958]
28,[89.079224]
29,[90.042839]
30,[90.471092]
31,[89.5075]
32,[89.400421]
33,[88.650963]
34,[88.758026]
35,[88.97216]
36,[88.22271]
37,[88.329765]
38,[88.436829]
39,[90.149895]
40,[89.721626]
41,[89.186295]
42,[88.543892]
43,[88.865097]
44,[90.471092]
45,[90.149895]
46,[90.149895]
47,[89.614555]
48,[89.614563]
49,[88.436829]
50,[88.865089]
51,[89.614555]
52,[89.186302]
53,[88.650963]
54,[90.256958]
55,[90.471092]
56,[90.792297]
57,[90.79229]
58,[90.364029]
59,[90.256958]
60,[90.149895]
61,[90.149895]
62,[90.149895]
63,[90.256958]
64,[89.828697]
65,[89.82869]
66,[90.042824]
67,[90.042824]
68,[90.256958]
69,[90.149895]
70,[90.149895]
71,[90.149895]
72,[90.149895]
73,[90.256958]
74,[90.256958]
75,[90.256958]
76,[90.256958]
77,[90.256958]
78,[90.256958]
79,[90.256958]
80,[90.256958]
81,[90.256958]
82,[89.93576]
83,[90.149895]
84,[90.042824]
85,[90.042824]
86,[90.149895]
87,[90.149895]
88,[90.042831]
89,[90.042824]
90,[90.042824]
91,[90.042831]
92,[90.149895]
93,[90.149895]
94,[90.149895]
95,[90.149895]
96,[90.149895]
97,[90.256958]
98,[90.256958]
99,[90.256958]
0,[68.599632]
1,[70.203575]
2,[70.45034]
3,[70.203575]
4,[71.128937]
5,[72.547806]
6,[70.758789]
7,[72.424438]
8,[72.979645]
9,[75.138802]
10,[74.521904]
11,[74.645279]
12,[76.742752]
13,[74.706963]
14,[75.694008]
15,[77.35965]
16,[77.668106]
17,[76.557678]
18,[77.421341]
19,[77.606415]
20,[77.236267]
21,[78.655151]
22,[78.22332]
23,[75.262177]
24,[77.914856]
25,[78.470078]
26,[78.099945]
27,[78.346703]
28,[77.483025]
29,[77.606415]
30,[77.85318]
31,[80.07402]
32,[78.285011]
33,[78.346703]
34,[77.606415]
35,[77.668098]
36,[78.593468]
37,[78.716835]
38,[79.45713]
39,[79.45713]
40,[77.853172]
41,[78.470078]
42,[78.778526]
43,[79.333748]
44,[79.33374]
45,[79.703888]
46,[78.778526]
47,[79.827271]
48,[79.272049]
49,[78.161629]
50,[78.223328]
51,[79.45713]
52,[77.976555]
53,[78.655151]
54,[78.223328]
55,[79.08699]
56,[77.976555]
57,[79.827271]
58,[78.408394]
59,[78.9636]
60,[77.853172]
61,[78.778542]
62,[78.655151]
63,[79.272057]
64,[79.025299]
65,[79.333748]
66,[79.765579]
67,[79.888954]
68,[79.580498]
69,[79.210365]
70,[79.210365]
71,[79.272057]
72,[79.333748]
73,[79.148674]
74,[79.272057]
75,[79.333748]
76,[79.210365]
77,[79.148674]
78,[78.285011]
79,[79.642197]
80,[79.210365]
81,[79.086983]
82,[79.025299]
83,[78.655151]
84,[78.408394]
85,[78.470078]
86,[78.655151]
87,[78.531769]
88,[78.531769]
89,[78.655151]
90,[78.655151]
91,[78.778534]
92,[78.716843]
93,[78.655151]
94,[78.716843]
95,[78.716843]
96,[78.716843]
97,[78.716843]
98,[78.59346]
99,[78.59346]
0,[80.769241]
1,[82.692314]
2,[78.846153]
3,[80.288467]
4,[81.730774]
5,[82.451927]
6,[79.567314]
7,[84.855774]
8,[81.971153]
9,[85.33654]
10,[85.336555]
11,[80.769241]
12,[82.451927]
13,[81.250008]
14,[83.413467]
15,[83.653847]
16,[83.17308]
17,[84.855782]
18,[86.057701]
19,[85.33654]
20,[82.692314]
21,[80.769241]
22,[85.817322]
23,[85.576927]
24,[86.057701]
25,[86.538467]
26,[85.576927]
27,[85.817322]
28,[86.29808]
29,[83.173088]
30,[87.740395]
31,[86.538467]
32,[86.057701]
33,[86.538467]
34,[85.817322]
35,[85.096169]
36,[85.096161]
37,[85.817322]
38,[86.057701]
39,[86.057701]
40,[85.33654]
41,[85.33654]
42,[85.33654]
43,[86.057701]
44,[85.576927]
45,[87.019241]
46,[85.817314]
47,[85.336548]
48,[81.971153]
49,[84.855774]
50,[85.576927]
51,[85.096153]
52,[85.576927]
53,[85.817314]
54,[85.576927]
55,[85.576927]
56,[85.817314]
57,[85.576927]
58,[85.576927]
59,[85.576927]
60,[85.576927]
61,[85.576927]
62,[85.576927]
63,[85.576927]
64,[85.576927]
65,[85.576927]
66,[85.576927]
67,[85.576927]
68,[85.576927]
69,[85.576927]
70,[85.576927]
71,[85.576927]
72,[85.576927]
73,[85.576927]
74,[85.576927]
75,[85.576927]
76,[85.817314]
77,[85.817314]
78,[85.817314]
79,[85.817314]
80,[85.576927]
81,[85.576927]
82,[85.576927]
83,[85.817314]
84,[85.817314]
85,[85.817314]
86,[85.817314]
87,[85.817314]
88,[85.817314]
89,[85.817314]
90,[85.817314]
91,[85.817314]
92,[85.817314]
93,[85.817314]
94,[85.817314]
95,[85.817314]
96,[85.817314]
97,[85.817314]
98,[85.817314]
99,[85.817314]
0,[69.103775]
1,[69.693398]
2,[67.924522]
3,[67.688683]
4,[71.462265]
5,[71.580193]
6,[70.047165]
7,[73.938683]
8,[70.872643]
9,[69.929245]
10,[70.99057]
11,[75.471703]
12,[74.17453]
13,[75.353775]
14,[75.82547]
15,[75.58963]
16,[73.34906]
17,[73.938683]
18,[76.53302]
19,[75.0]
20,[74.05661]
21,[77.830193]
22,[75.353775]
23,[75.11792]
24,[77.240562]
25,[75.235847]
26,[76.4151]
27,[77.47641]
28,[75.0]
29,[77.240578]
30,[75.23584]
31,[75.23584]
32,[77.004715]
33,[75.353775]
34,[74.764153]
35,[77.004715]
36,[77.24057]
37,[75.70755]
38,[74.764153]
39,[76.533028]
40,[75.707558]
41,[75.70755]
42,[75.943398]
43,[75.70755]
44,[75.707558]
45,[75.70755]
46,[75.353775]
47,[75.23584]
48,[75.117928]
49,[75.235847]
50,[75.235847]
51,[75.0]
52,[75.11792]
53,[75.235847]
54,[75.235847]
55,[75.235847]
56,[75.235847]
57,[75.235847]
58,[75.353775]
59,[75.23584]
60,[75.353775]
61,[75.353775]
62,[75.11792]
63,[75.0]
64,[76.415092]
65,[74.174538]
66,[75.943405]
67,[76.886795]
68,[76.650948]
69,[76.533012]
70,[76.179245]
71,[76.179245]
72,[75.943405]
73,[75.82547]
74,[75.707542]
75,[75.589622]
76,[75.589622]
77,[75.707542]
78,[75.82547]
79,[75.825462]
80,[75.707542]
81,[75.471695]
82,[75.70755]
83,[75.70755]
84,[75.70755]
85,[75.70755]
86,[75.70755]
87,[75.70755]
88,[75.707542]
89,[75.70755]
90,[75.825462]
91,[75.82547]
92,[75.707542]
93,[75.589622]
94,[75.589622]
95,[75.589622]
96,[75.589622]
97,[75.589622]
98,[75.589622]
99,[75.589622]
0,[67.92453]
1,[66.981133]
2,[68.278305]
3,[70.518867]
4,[68.63208]
5,[69.103775]
6,[69.929245]
7,[69.811317]
8,[72.641518]
9,[73.231133]
10,[72.287743]
11,[72.523582]
12,[76.061325]
13,[75.82547]
14,[75.943398]
15,[74.29245]
16,[77.122643]
17,[73.34906]
18,[74.88208]
19,[77.476418]
20,[76.297173]
21,[75.353775]
22,[74.646225]
23,[76.53302]
24,[75.11792]
25,[76.886795]
26,[76.886795]
27,[75.353775]
28,[76.061317]
29,[76.53302]
30,[76.76886]
31,[76.886787]
32,[77.712265]
33,[76.650948]
34,[77.476418]
35,[75.943398]
36,[76.53302]
37,[77.712265]
38,[76.179253]
39,[76.53302]
40,[75.235847]
41,[76.533028]
42,[76.886787]
43,[77.122643]
44,[78.301895]
45,[76.179245]
46,[76.53302]
47,[76.768867]
48,[74.764153]
49,[76.886795]
50,[77.12265]
51,[77.004715]
52,[76.53302]
53,[77.24057]
54,[77.240578]
55,[77.122643]
56,[77.24057]
57,[77.240562]
58,[77.122643]
59,[77.122643]
60,[77.12265]
61,[76.886795]
62,[77.358498]
63,[75.825462]
64,[75.353775]
65,[75.943398]
66,[75.117928]
67,[75.117928]
68,[75.000008]
69,[73.938683]
70,[74.410378]
71,[74.29245]
72,[74.410378]
73,[74.764153]
74,[73.46698]
75,[73.820755]
76,[74.76416]
77,[75.235855]
78,[75.943398]
79,[75.471703]
80,[75.235847]
81,[76.53302]
82,[76.415092]
83,[76.4151]
84,[76.297173]
85,[76.179245]
86,[76.179245]
87,[76.179245]
88,[76.061317]
89,[76.061317]
90,[76.179245]
91,[75.943398]
92,[75.943398]
93,[75.943398]
94,[75.943398]
95,[75.943398]
96,[75.82547]
97,[75.82547]
98,[75.943398]
99,[75.943398]
0,[64.85849]
1,[67.924522]
2,[68.750008]
3,[66.037735]
4,[69.811325]
5,[71.580193]
6,[71.462265]
7,[72.759438]
8,[73.113213]
9,[72.75943]
10,[75.235847]
11,[75.943398]
12,[74.764145]
13,[75.471703]
14,[74.174538]
15,[72.641518]
16,[75.589622]
17,[73.231133]
18,[75.94339]
19,[76.650948]
20,[75.943398]
21,[77.240562]
22,[76.4151]
23,[77.476418]
24,[77.12265]
25,[74.410378]
26,[74.410385]
27,[74.528305]
28,[73.938683]
29,[74.292458]
30,[76.061317]
31,[76.415092]
32,[76.297173]
33,[76.650955]
34,[76.179245]
35,[77.358482]
36,[75.471703]
37,[76.179245]
38,[75.235847]
39,[77.948112]
40,[75.235855]
41,[77.122643]
42,[75.943405]
43,[76.179245]
44,[75.82547]
45,[76.061317]
46,[76.061325]
47,[75.943405]
48,[75.94339]
49,[76.061317]
50,[75.589622]
51,[75.471695]
52,[77.358482]
53,[75.707558]
54,[76.4151]
55,[76.53302]
56,[77.594337]
57,[77.35849]
58,[78.183968]
59,[77.948112]
60,[77.94812]
61,[77.712265]
62,[77.35849]
63,[77.122643]
64,[77.476418]
65,[77.594337]
66,[77.594337]
67,[78.06604]
68,[77.594337]
69,[77.594337]
70,[77.594337]
71,[77.476418]
72,[77.358498]
73,[77.712265]
74,[77.35849]
75,[77.35849]
76,[77.35849]
77,[77.35849]
78,[77.594345]
79,[77.004715]
80,[77.004715]
81,[77.358498]
82,[77.476418]
83,[77.35849]
84,[77.240555]
85,[77.24057]
86,[77.004723]
87,[77.12265]
88,[77.35849]
89,[77.47641]
90,[77.476418]
91,[77.358498]
92,[77.358498]
93,[77.122643]
94,[76.886795]
95,[77.004715]
96,[76.886795]
97,[76.886795]
98,[76.768867]
99,[76.768867]
0,[68.514153]
0,[68.396225]
1,[70.28302]
2,[70.872643]
3,[69.457558]
4,[70.40094]
5,[68.98584]
6,[68.278297]
7,[70.754715]
8,[71.93396]
9,[74.410378]
10,[74.410378]
11,[77.12265]
12,[75.943398]
13,[76.297173]
14,[75.471703]
15,[75.825485]
16,[77.35849]
17,[73.938683]
18,[77.594345]
19,[77.240562]
20,[76.297173]
21,[76.415092]
22,[74.174538]
23,[76.76886]
24,[78.18396]
25,[77.47641]
26,[75.825478]
27,[76.886795]
28,[78.419807]
29,[77.94812]
30,[76.65094]
31,[77.476418]
32,[77.12265]
33,[76.650948]
34,[79.363205]
35,[74.410378]
36,[77.476418]
37,[77.94812]
38,[77.712265]
39,[78.183968]
40,[77.948112]
41,[77.594337]
42,[76.415092]
43,[76.65094]
44,[78.537735]
45,[78.06604]
46,[77.94812]
47,[78.06604]
48,[77.594345]
49,[77.240562]
50,[78.06604]
51,[78.77359]
52,[78.77359]
53,[79.00943]
54,[78.655663]
55,[78.537743]
56,[78.77359]
57,[78.891518]
58,[78.77359]
59,[77.240562]
60,[77.712265]
61,[77.240578]
62,[74.41037]
63,[77.712265]
64,[78.06604]
65,[77.948112]
66,[77.948112]
67,[77.830185]
68,[78.419815]
69,[78.773582]
70,[78.655663]
71,[78.537743]
72,[78.77359]
73,[78.891518]
74,[78.77359]
75,[79.009438]
76,[78.537735]
77,[78.537735]
78,[78.77359]
79,[78.77359]
80,[78.65567]
81,[78.77359]
82,[78.891518]
83,[79.009438]
84,[79.009438]
85,[79.009438]
86,[79.00943]
87,[79.00943]
88,[78.773582]
89,[78.419815]
90,[78.419815]
91,[78.537735]
92,[78.537735]
93,[78.537735]
94,[78.537743]
95,[78.537735]
96,[78.537735]
97,[78.30188]
98,[78.419807]
99,[78.301888]
0,[67.92453]
1,[68.396225]
2,[70.28302]
3,[69.929245]
4,[71.580185]
5,[71.69812]
6,[68.160378]
7,[70.99057]
8,[72.169807]
9,[71.462265]
10,[72.051888]
11,[72.64151]
12,[73.46698]
13,[76.886795]
14,[71.81604]
15,[72.051888]
16,[72.995285]
17,[75.000008]
18,[74.528297]
19,[74.410378]
20,[73.938683]
21,[74.056602]
22,[73.820755]
23,[74.646225]
24,[72.995285]
25,[75.589622]
26,[74.174522]
27,[74.528305]
28,[75.707558]
29,[74.29245]
30,[75.943405]
31,[77.24057]
32,[75.94339]
33,[74.764145]
34,[74.528305]
35,[75.58963]
36,[74.528297]
37,[76.297173]
38,[77.004715]
39,[74.76416]
40,[77.594337]
41,[75.943398]
42,[75.235847]
43,[74.174522]
44,[75.11792]
45,[75.707558]
46,[75.58963]
47,[75.471703]
48,[75.707542]
49,[76.061317]
50,[75.825478]
51,[75.82547]
52,[75.589622]
53,[75.70755]
54,[75.70755]
55,[75.94339]
56,[75.943398]
57,[75.943398]
58,[75.82547]
59,[75.825462]
60,[76.061317]
61,[75.58963]
62,[75.589622]
63,[75.589622]
64,[75.589622]
65,[75.58963]
66,[75.589622]
67,[75.353775]
68,[75.235847]
69,[75.235847]
70,[75.589622]
71,[75.70755]
72,[75.70755]
73,[75.471703]
74,[75.589622]
75,[75.70755]
76,[75.82547]
77,[75.82547]
78,[75.353775]
79,[76.061317]
80,[75.235847]
81,[75.235855]
82,[75.353775]
83,[75.000008]
84,[75.353775]
85,[75.353775]
86,[75.23584]
87,[75.235847]
88,[75.235847]
89,[75.235847]
90,[75.235847]
91,[75.23584]
92,[75.235847]
93,[75.0]
94,[75.0]
95,[75.0]
96,[75.0]
97,[75.0]
98,[75.0]
99,[75.0]
0,[68.514153]
1,[68.278313]
2,[68.396233]
3,[68.160378]
4,[69.221703]
5,[70.990562]
6,[69.103775]
7,[73.584908]
8,[71.108482]
9,[73.938683]
10,[73.584908]
11,[73.938683]
12,[72.995277]
13,[73.938683]
14,[75.70755]
15,[75.353775]
16,[75.235847]
17,[74.764153]
18,[76.179245]
19,[75.117928]
20,[75.235855]
21,[74.646225]
22,[72.759438]
23,[73.584915]
24,[75.353775]
25,[74.88208]
26,[76.179245]
27,[74.764153]
28,[75.471703]
29,[74.292458]
30,[76.061325]
31,[75.825478]
32,[75.235847]
33,[77.12265]
34,[77.476418]
35,[75.58963]
36,[75.707542]
37,[76.297173]
38,[76.53302]
39,[75.235847]
40,[76.297173]
41,[76.4151]
42,[76.415092]
43,[76.886787]
44,[76.297173]
45,[77.004715]
46,[76.886795]
47,[76.415092]
48,[76.179245]
49,[75.11792]
50,[75.353775]
51,[75.235847]
52,[75.235847]
53,[75.353775]
54,[74.999992]
55,[75.353775]
56,[75.117928]
57,[75.23584]
58,[75.117928]
59,[75.0]
60,[75.0]
61,[74.646225]
62,[74.764153]
63,[74.88208]
64,[74.882072]
65,[74.882072]
66,[74.88208]
67,[75.117928]
68,[74.88208]
69,[74.88208]
70,[75.11792]
71,[75.235847]
72,[75.117928]
73,[74.882072]
74,[74.764153]
75,[74.764153]
76,[74.764153]
77,[74.764153]
78,[74.764153]
79,[74.88208]
80,[75.000008]
81,[74.764153]
82,[76.179253]
83,[76.650948]
84,[76.297165]
85,[76.4151]
86,[76.297173]
87,[76.4151]
88,[76.533028]
89,[76.533035]
90,[76.533035]
91,[76.061333]
92,[76.179253]
93,[76.179245]
94,[76.179245]
95,[76.179245]
96,[76.179253]
97,[76.061317]
98,[76.061325]
99,[75.943405]
0,[66.627357]
1,[70.754715]
2,[72.051888]
3,[69.693398]
4,[70.40094]
5,[69.811317]
6,[72.287735]
7,[70.990562]
8,[71.81604]
9,[73.584908]
10,[73.231133]
11,[72.759438]
12,[75.943398]
13,[74.882072]
14,[76.768867]
15,[76.650948]
16,[74.76416]
17,[75.353775]
18,[76.650948]
19,[75.235847]
20,[77.594337]
21,[77.47641]
22,[75.589622]
23,[78.655663]
24,[77.47641]
25,[77.948112]
26,[77.122643]
27,[76.297173]
28,[75.117935]
29,[76.76886]
30,[78.655663]
31,[77.122643]
32,[77.004715]
33,[76.179253]
34,[75.94339]
35,[76.297173]
36,[75.589622]
37,[76.179245]
38,[74.410378]
39,[75.000008]
40,[77.004715]
41,[76.297173]
42,[76.297173]
43,[77.004715]
44,[76.061317]
45,[78.655663]
46,[78.891518]
47,[77.004715]
48,[77.712273]
49,[77.122643]
50,[77.240562]
51,[78.301888]
52,[76.768875]
53,[77.004715]
54,[76.533012]
55,[77.830193]
56,[78.06604]
57,[77.12265]
58,[78.891502]
59,[78.18396]
60,[78.891502]
61,[78.301888]
62,[77.94812]
63,[78.183968]
64,[77.94812]
65,[77.830193]
66,[77.830193]
67,[78.419807]
68,[78.066032]
69,[78.06604]
70,[78.18396]
71,[78.18396]
72,[78.18396]
73,[78.06604]
74,[78.06604]
75,[78.06604]
76,[78.06604]
77,[77.94812]
78,[77.830193]
79,[77.830185]
80,[77.94812]
81,[77.94812]
82,[77.712265]
83,[77.712265]
84,[78.06604]
85,[78.06604]
86,[78.06604]
87,[78.06604]
88,[77.94812]
89,[77.830193]
90,[77.830193]
91,[77.830193]
92,[77.712265]
93,[77.830193]
94,[77.830185]
95,[78.30188]
96,[78.301888]
97,[78.301895]
98,[78.301895]
99,[78.301888]
0,[65.56604]
1,[68.278297]
2,[68.278297]
3,[70.99057]
4,[69.103775]
5,[69.339622]
6,[71.462265]
7,[70.87265]
8,[72.87735]
9,[74.646225]
10,[72.405663]
11,[74.17453]
12,[73.938683]
13,[75.70755]
14,[77.476418]
15,[76.650948]
16,[77.004715]
17,[78.183968]
18,[76.886795]
19,[77.358482]
20,[76.76886]
21,[76.650955]
22,[76.76886]
23,[76.886795]
24,[75.943398]
25,[76.76886]
26,[76.886787]
27,[75.0]
28,[76.179245]
29,[76.4151]
30,[77.830193]
31,[78.655663]
32,[75.943398]
33,[78.537743]
34,[78.891502]
35,[77.712265]
36,[79.245285]
37,[77.358498]
38,[78.06604]
39,[78.18396]
40,[78.537735]
41,[77.358498]
42,[77.476418]
43,[77.476418]
44,[77.94812]
45,[77.94812]
46,[75.707542]
47,[77.47641]
48,[77.94812]
49,[77.594337]
50,[77.712265]
51,[77.830193]
52,[76.65094]
53,[78.419807]
54,[77.94812]
55,[77.948112]
56,[77.948105]
57,[77.712273]
58,[77.35849]
59,[77.712273]
60,[76.297165]
61,[76.179245]
62,[77.47641]
63,[76.650955]
64,[77.004715]
65,[77.94812]
66,[77.830193]
67,[77.358498]
68,[77.358498]
69,[77.712265]
70,[77.830193]
71,[78.18396]
72,[78.066048]
73,[78.06604]
74,[78.06604]
75,[77.948112]
76,[78.06604]
77,[78.301895]
78,[78.301895]
79,[78.301895]
80,[78.419815]
81,[78.419815]
82,[78.419815]
83,[78.419815]
84,[78.537735]
85,[78.419815]
86,[78.537735]
87,[78.537735]
88,[78.537735]
89,[78.419815]
90,[78.419815]
91,[78.419815]
92,[78.419815]
93,[78.537735]
94,[78.419815]
95,[78.537735]
96,[78.655663]
97,[78.655663]
98,[78.655663]
99,[78.65567]
0,[61.349041]
1,[63.062096]
2,[64.025688]
3,[71.19915]
4,[74.411133]
5,[78.586723]
6,[81.263374]
7,[84.582436]
8,[85.331902]
9,[86.509636]
10,[88.865097]
11,[87.901497]
12,[88.650963]
13,[88.97216]
14,[86.723778]
15,[88.115631]
16,[89.614555]
17,[88.865089]
18,[89.186302]
19,[90.042831]
20,[88.97216]
21,[90.364021]
22,[90.364029]
23,[90.149895]
24,[89.186295]
25,[88.97216]
26,[88.436829]
27,[88.758034]
28,[90.685226]
29,[89.186287]
30,[90.042831]
31,[88.329765]
32,[89.186302]
33,[88.436836]
34,[90.042831]
35,[89.079231]
36,[89.721626]
37,[89.935753]
38,[90.042831]
39,[89.400429]
40,[89.400436]
41,[89.400429]
42,[89.828697]
43,[89.828697]
44,[91.434692]
45,[90.578171]
46,[90.685226]
47,[90.79229]
48,[91.006424]
49,[91.220566]
50,[91.220551]
51,[91.220558]
52,[91.113495]
53,[91.220566]
54,[91.220558]
55,[91.220558]
56,[91.006432]
57,[91.006424]
58,[90.578163]
59,[90.578163]
60,[90.578163]
61,[90.685234]
62,[90.685219]
63,[90.471092]
64,[90.79229]
65,[90.578156]
66,[90.578156]
67,[90.578156]
68,[90.685226]
69,[90.471092]
70,[90.578163]
71,[90.471092]
72,[90.578156]
73,[90.578156]
74,[89.721626]
75,[88.865097]
76,[89.614563]
77,[89.828697]
78,[89.93576]
79,[90.149895]
80,[90.149895]
81,[90.149895]
82,[90.149895]
83,[90.149895]
84,[90.149895]
85,[90.149895]
86,[89.400429]
87,[90.042824]
88,[89.93576]
89,[89.935753]
90,[89.935753]
91,[89.93576]
92,[89.935753]
93,[90.042831]
94,[89.93576]
95,[90.042831]
96,[90.042831]
97,[89.935753]
98,[89.93576]
99,[90.042824]
0,[62.526764]
1,[65.310493]
2,[64.989296]
3,[70.342613]
4,[75.69593]
5,[75.69593]
6,[82.334045]
7,[82.441109]
8,[84.368309]
9,[87.366165]
10,[87.366173]
11,[85.546043]
12,[87.259102]
13,[87.901497]
14,[89.507492]
15,[88.008568]
16,[87.580307]
17,[89.93576]
18,[88.543892]
19,[89.82869]
20,[88.865097]
21,[88.543892]
22,[87.580299]
23,[88.115623]
24,[88.115631]
25,[88.865097]
26,[86.830833]
27,[88.5439]
28,[88.008568]
29,[89.93576]
30,[90.256958]
31,[88.543892]
32,[88.329765]
33,[88.436829]
34,[89.400436]
35,[88.436829]
36,[89.186295]
37,[88.436829]
38,[88.865105]
39,[87.68737]
40,[87.044968]
41,[87.687363]
42,[87.473228]
43,[88.758034]
44,[87.68737]
45,[88.650963]
46,[88.865097]
47,[89.5075]
48,[88.758026]
49,[87.794434]
50,[87.687363]
51,[88.865105]
52,[87.901497]
53,[87.259102]
54,[88.115623]
55,[88.115631]
56,[88.5439]
57,[88.329765]
58,[88.436829]
59,[88.329765]
60,[88.436821]
61,[88.222702]
62,[88.436821]
63,[88.650955]
64,[88.650963]
65,[88.97216]
66,[87.901489]
67,[88.115631]
68,[87.580299]
69,[88.97216]
70,[89.079224]
71,[89.186302]
72,[89.400436]
73,[89.400436]
74,[89.614555]
75,[89.5075]
76,[89.614555]
77,[89.186295]
78,[88.97216]
79,[89.079231]
80,[89.079231]
81,[88.97216]
82,[89.079231]
83,[89.293358]
84,[89.186287]
85,[89.293358]
86,[89.400429]
87,[89.400421]
88,[89.400429]
89,[89.400421]
90,[89.186295]
91,[89.186295]
92,[88.650963]
93,[88.650963]
94,[88.650963]
95,[88.650955]
96,[88.650963]
97,[88.650963]
98,[88.650963]
99,[88.650963]
0,[69.524986]
1,[69.648361]
2,[68.784698]
3,[69.278221]
4,[71.684143]
5,[71.19062]
6,[73.226402]
7,[73.843307]
8,[72.115982]
9,[73.658226]
10,[74.892036]
11,[75.755707]
12,[76.249229]
13,[77.421341]
14,[76.804443]
15,[77.544716]
16,[77.421341]
17,[77.853165]
18,[78.161629]
19,[77.791481]
20,[78.901917]
21,[78.22332]
22,[78.038246]
23,[79.950645]
24,[77.606407]
25,[78.038246]
26,[77.483032]
27,[77.483032]
28,[77.853172]
29,[77.112892]
30,[77.85318]
31,[77.483032]
32,[78.901909]
33,[77.606415]
34,[77.35965]
35,[76.681068]
36,[78.531769]
37,[76.804443]
38,[78.099937]
39,[77.236267]
40,[78.038239]
41,[78.038246]
42,[78.161621]
43,[78.778526]
44,[76.742752]
45,[77.483032]
46,[78.655151]
47,[78.346703]
48,[78.161621]
49,[77.976562]
50,[77.297958]
51,[78.901909]
52,[77.236267]
53,[77.297958]
54,[78.59346]
55,[77.729797]
56,[78.161629]
57,[77.914871]
58,[78.099937]
59,[78.470078]
60,[77.976555]
61,[78.470078]
62,[78.285011]
63,[78.901909]
64,[78.655151]
65,[80.012344]
66,[79.518814]
67,[79.33374]
68,[79.580505]
69,[79.210365]
70,[77.483025]
71,[78.346703]
72,[77.914864]
73,[78.901909]
74,[79.33374]
75,[78.655151]
76,[78.901917]
77,[78.963608]
78,[79.025291]
79,[79.148674]
80,[78.9636]
81,[78.655151]
82,[78.778526]
83,[78.655151]
84,[77.85318]
85,[78.346703]
86,[78.531769]
87,[78.408386]
88,[78.285011]
89,[78.346695]
90,[78.408394]
91,[78.346703]
92,[78.408394]
93,[78.470078]
94,[78.408394]
95,[78.22332]
96,[78.22332]
97,[78.346703]
98,[78.470078]
99,[78.470078]
0,[69.103775]
1,[71.108498]
2,[69.339615]
3,[69.811325]
4,[69.339622]
5,[73.820755]
6,[72.287735]
7,[72.405663]
8,[70.754715]
9,[74.05661]
10,[74.646225]
11,[74.17453]
12,[72.995285]
13,[72.995285]
14,[74.29245]
15,[73.231133]
16,[77.24057]
17,[75.94339]
18,[76.533028]
19,[75.471703]
20,[74.292465]
21,[73.46698]
22,[74.646225]
23,[76.179245]
24,[77.004715]
25,[76.4151]
26,[74.764153]
27,[74.410378]
28,[74.646225]
29,[75.589622]
30,[74.41037]
31,[74.410378]
32,[75.82547]
33,[75.235855]
34,[76.297173]
35,[75.70755]
36,[76.297173]
37,[74.292442]
38,[75.589622]
39,[77.24057]
40,[75.353775]
41,[76.179253]
42,[76.415092]
43,[76.65094]
44,[77.004715]
45,[77.476425]
46,[76.886787]
47,[76.4151]
48,[76.4151]
49,[76.53302]
50,[76.4151]
51,[76.53302]
52,[76.650948]
53,[76.4151]
54,[76.415092]
55,[76.297173]
56,[76.415092]
57,[76.4151]
58,[76.4151]
59,[76.4151]
60,[76.4151]
61,[76.415092]
62,[76.4151]
63,[76.4151]
64,[76.53302]
65,[76.65094]
66,[76.65094]
67,[76.061325]
68,[75.82547]
69,[74.410378]
70,[75.943398]
71,[75.943398]
72,[75.825478]
73,[75.94339]
74,[75.943398]
75,[75.943398]
76,[75.943398]
77,[75.943398]
78,[75.943398]
79,[76.179245]
80,[75.943398]
81,[76.061317]
82,[76.061317]
83,[76.061317]
84,[75.943398]
85,[75.82547]
86,[75.82547]
87,[75.82547]
88,[75.82547]
89,[75.943398]
90,[75.943398]
91,[76.061325]
92,[75.94339]
93,[75.943398]
94,[76.061317]
95,[76.061317]
96,[76.061317]
97,[76.061317]
98,[76.061317]
99,[76.061325]
0,[58.886509]
1,[66.16703]
2,[68.73661]
3,[70.770882]
4,[73.44754]
5,[78.158455]
6,[79.229118]
7,[83.511772]
8,[83.940041]
9,[85.867233]
10,[87.473228]
11,[87.366165]
12,[88.115631]
13,[88.008568]
14,[87.580292]
15,[88.650963]
16,[88.115639]
17,[87.794434]
18,[88.115631]
19,[89.186302]
20,[88.97216]
21,[89.507492]
22,[87.259102]
23,[89.400429]
24,[89.293365]
25,[89.293358]
26,[89.400429]
27,[88.650963]
28,[88.115631]
29,[88.758026]
30,[89.079224]
31,[88.865097]
32,[90.79229]
33,[89.400421]
34,[88.543892]
35,[90.364029]
36,[90.685226]
37,[90.685226]
38,[90.899361]
39,[90.685226]
40,[91.327621]
41,[91.327629]
42,[90.899361]
43,[90.685226]
44,[90.79229]
45,[90.685226]
46,[90.685226]
47,[86.616699]
48,[87.901497]
49,[90.256958]
50,[90.685226]
51,[90.256958]
52,[90.256958]
53,[90.149895]
54,[91.006424]
55,[90.685226]
56,[90.149895]
57,[90.256958]
58,[90.25695]
59,[90.256958]
60,[90.256958]
61,[90.25695]
62,[90.256966]
63,[90.25695]
64,[90.471092]
65,[90.471092]
66,[90.578156]
67,[90.471092]
68,[90.471092]
69,[90.685234]
70,[90.685226]
71,[90.578156]
72,[90.578156]
73,[90.578156]
74,[90.578156]
75,[90.578156]
76,[90.471092]
77,[90.578156]
78,[90.256958]
79,[90.25695]
80,[90.25695]
81,[90.471092]
82,[90.471092]
83,[90.471092]
84,[90.471092]
85,[90.471092]
86,[90.471092]
87,[90.471092]
88,[90.471092]
89,[90.471092]
90,[90.471092]
91,[90.149895]
92,[90.471092]
93,[90.364029]
94,[90.364029]
95,[90.364021]
96,[90.364021]
97,[90.364029]
98,[90.364021]
99,[90.364029]
0,[68.599632]
1,[70.265266]
2,[70.45034]
3,[71.869209]
4,[71.869217]
5,[70.0802]
6,[71.56076]
7,[73.164719]
8,[75.015411]
9,[74.275139]
10,[75.015427]
11,[77.35965]
12,[76.310921]
13,[76.434303]
14,[76.866135]
15,[78.901909]
16,[77.729797]
17,[78.285011]
18,[78.038246]
19,[77.791489]
20,[77.297958]
21,[79.765572]
22,[76.557678]
23,[78.59346]
24,[78.655151]
25,[79.580513]
26,[76.557678]
27,[79.703888]
28,[78.408386]
29,[79.642197]
30,[79.210365]
31,[79.025284]
32,[80.444168]
33,[80.629242]
34,[79.827271]
35,[79.950645]
36,[79.210365]
37,[79.395432]
38,[79.333748]
39,[78.778526]
40,[78.9636]
41,[78.038254]
42,[79.210365]
43,[79.950653]
44,[80.567551]
45,[79.086983]
46,[78.840218]
47,[79.765579]
48,[79.333748]
49,[80.320793]
50,[79.70388]
51,[80.320786]
52,[80.814316]
53,[80.752625]
54,[79.457123]
55,[79.703888]
56,[80.259094]
57,[79.827271]
58,[80.629242]
59,[80.197403]
60,[80.382484]
61,[80.012337]
62,[79.518822]
63,[79.333748]
64,[79.827271]
65,[79.45713]
66,[79.580498]
67,[80.135712]
68,[80.444168]
69,[80.197411]
70,[80.259094]
71,[80.074028]
72,[80.259102]
73,[80.505859]
74,[80.012337]
75,[79.950645]
76,[79.888954]
77,[80.197411]
78,[80.012337]
79,[80.012337]
80,[79.827271]
81,[79.827263]
82,[79.827263]
83,[79.642197]
84,[79.518814]
85,[79.518822]
86,[79.642197]
87,[79.827271]
88,[79.888954]
89,[79.703888]
90,[79.765579]
91,[79.642197]
92,[79.703888]
93,[79.765579]
94,[79.518814]
95,[79.518814]
96,[79.518814]
97,[79.827271]
98,[79.703888]
99,[79.642189]
0,[79.326927]
1,[78.605774]
2,[83.653847]
3,[81.971153]
4,[80.769241]
5,[83.17308]
6,[82.451935]
7,[84.855782]
8,[84.375008]
9,[81.971153]
10,[83.653854]
11,[82.451927]
12,[86.29808]
13,[84.375015]
14,[83.17308]
15,[84.134628]
16,[85.57692]
17,[83.653854]
18,[85.33654]
19,[85.096153]
20,[83.413467]
21,[83.413467]
22,[85.336548]
23,[84.134628]
24,[83.413475]
25,[86.057701]
26,[85.096161]
27,[83.894226]
28,[84.375015]
29,[82.932701]
30,[85.817314]
31,[87.019234]
32,[87.019234]
33,[87.019241]
34,[85.576935]
35,[85.576927]
36,[87.259628]
37,[86.29808]
38,[84.375]
39,[85.817314]
40,[87.500008]
41,[85.576927]
42,[82.932701]
43,[86.538467]
44,[84.855782]
45,[83.894241]
46,[86.53846]
47,[84.134613]
48,[83.17308]
49,[82.692314]
50,[82.692314]
51,[82.451927]
52,[82.451927]
53,[82.451927]
54,[83.17308]
55,[83.413467]
56,[83.17308]
57,[84.375008]
58,[85.817314]
59,[84.855782]
60,[85.096153]
61,[86.298096]
62,[85.576935]
63,[84.375008]
64,[85.817314]
65,[85.33654]
66,[86.057701]
67,[85.576927]
68,[85.576942]
69,[84.375015]
70,[85.336555]
71,[85.096169]
72,[85.33654]
73,[85.336555]
74,[85.576927]
75,[84.855774]
76,[84.855774]
77,[84.375008]
78,[84.375]
79,[84.615395]
80,[84.375]
81,[85.096153]
82,[85.096153]
83,[85.096153]
84,[85.096153]
85,[85.096153]
86,[85.096153]
87,[85.096153]
88,[85.096153]
89,[85.096153]
90,[85.096153]
91,[85.096153]
92,[85.096153]
93,[85.096153]
94,[85.576927]
95,[85.576927]
96,[85.576927]
97,[85.576927]
98,[85.576927]
99,[85.576927]
