0,[87.853775]
1,[90.330193]
2,[90.448112]
3,[90.448112]
4,[90.448105]
5,[89.622643]
6,[89.976418]
7,[90.094337]
8,[89.85849]
9,[90.212265]
10,[90.094337]
11,[88.08963]
12,[89.150948]
13,[88.32547]
14,[88.9151]
15,[88.32547]
16,[86.674522]
17,[87.028297]
18,[87.028313]
19,[88.561317]
20,[87.735855]
21,[87.853775]
22,[88.561325]
23,[87.26416]
24,[87.028305]
25,[87.971703]
26,[86.55661]
27,[86.67453]
28,[88.089622]
29,[87.028297]
30,[87.146233]
31,[87.5]
32,[87.146225]
33,[87.500008]
34,[87.028305]
35,[86.910378]
36,[87.146225]
37,[87.382072]
38,[87.617928]
39,[87.73584]
40,[87.61792]
41,[87.5]
42,[87.500008]
43,[87.26416]
44,[87.38208]
45,[87.5]
46,[87.971695]
47,[87.853775]
48,[87.499992]
49,[87.38208]
50,[87.971703]
51,[87.971703]
52,[87.853775]
53,[87.853775]
54,[87.735855]
55,[87.971695]
56,[87.735847]
57,[88.089622]
58,[88.089622]
59,[78.655663]
60,[82.193405]
61,[84.43396]
62,[84.669815]
63,[84.080193]
64,[83.726418]
65,[84.905663]
66,[84.55188]
67,[84.316048]
68,[84.080193]
69,[83.72641]
70,[83.844337]
71,[82.311317]
72,[82.07547]
73,[83.136795]
74,[84.080193]
75,[84.080193]
76,[84.19812]
77,[82.6651]
78,[83.254715]
79,[82.429245]
80,[84.080193]
81,[84.080193]
82,[83.72641]
83,[84.080193]
84,[83.01886]
85,[83.254715]
86,[83.018875]
87,[82.6651]
88,[83.962265]
89,[83.018867]
90,[82.429245]
91,[82.429245]
92,[82.547173]
93,[82.07547]
94,[82.547173]
95,[82.075478]
96,[82.311317]
97,[81.36792]
98,[81.367928]
99,[80.542458]
0,[59.421837]
1,[60.171307]
2,[60.813705]
3,[74.197006]
4,[84.903641]
5,[88.436829]
6,[88.329765]
7,[89.079231]
8,[89.400429]
9,[89.293358]
10,[88.758034]
11,[89.935768]
12,[90.899368]
13,[89.5075]
14,[90.471092]
15,[89.400436]
16,[89.400436]
17,[89.400436]
18,[90.471092]
19,[90.256966]
20,[90.471092]
21,[88.865105]
22,[89.079231]
23,[88.758034]
24,[88.650963]
25,[89.935768]
26,[90.149895]
27,[89.828697]
28,[91.541756]
29,[90.256958]
30,[91.006432]
31,[90.899353]
32,[89.079231]
33,[90.364029]
34,[89.93576]
35,[90.578163]
36,[90.042824]
37,[90.578148]
38,[89.507492]
39,[90.364029]
40,[90.899361]
41,[90.899361]
42,[90.899353]
43,[91.113487]
44,[90.578156]
45,[90.471092]
46,[88.543892]
47,[91.006432]
48,[91.006432]
49,[91.327629]
50,[91.006424]
51,[90.685226]
52,[91.006432]
53,[89.614571]
54,[90.578163]
55,[90.899361]
56,[89.828697]
57,[90.899353]
58,[91.220551]
59,[90.899361]
60,[90.79229]
61,[90.25695]
62,[90.685234]
63,[91.006424]
64,[90.685226]
65,[90.79229]
66,[90.79229]
67,[90.79229]
68,[90.79229]
69,[90.685226]
70,[90.685226]
71,[90.685226]
72,[90.79229]
73,[90.79229]
74,[90.79229]
75,[90.685234]
76,[90.685234]
77,[90.578163]
78,[90.578163]
79,[90.578163]
80,[90.899361]
81,[90.899361]
82,[90.899361]
83,[90.899361]
84,[90.79229]
85,[90.899361]
86,[90.899361]
87,[90.79229]
88,[90.79229]
89,[90.79229]
90,[90.685234]
91,[90.79229]
92,[90.899361]
93,[91.220566]
94,[91.220558]
95,[91.220558]
96,[91.220558]
97,[91.220566]
98,[91.006424]
99,[91.113495]
0,[87.971703]
1,[89.386795]
2,[90.330193]
3,[90.683952]
4,[90.094337]
5,[90.683952]
6,[90.919815]
7,[90.212265]
8,[90.919807]
9,[91.155663]
10,[89.504715]
11,[88.32547]
12,[87.5]
13,[87.5]
14,[87.146233]
15,[88.561317]
16,[87.26416]
17,[87.971703]
18,[87.382088]
19,[86.320755]
20,[87.264153]
21,[87.735847]
22,[88.9151]
23,[88.32547]
24,[88.679245]
25,[88.08963]
26,[87.853775]
27,[87.735855]
28,[87.264153]
29,[86.674538]
30,[86.910393]
31,[87.971703]
32,[87.735855]
33,[88.207558]
34,[87.028305]
35,[87.73584]
36,[87.264145]
37,[87.5]
38,[87.382072]
39,[87.26416]
40,[85.849068]
41,[85.966988]
42,[86.792458]
43,[86.0849]
44,[86.792458]
45,[86.792458]
46,[87.146225]
47,[86.910378]
48,[86.674522]
49,[87.26416]
50,[87.028297]
51,[86.792458]
52,[86.91037]
53,[86.792458]
54,[86.792458]
55,[87.028297]
56,[86.910378]
57,[87.028305]
58,[86.910378]
59,[86.910378]
60,[86.792458]
61,[86.910378]
62,[86.910378]
63,[87.028313]
64,[87.146225]
65,[87.028305]
66,[87.38208]
67,[81.485855]
68,[79.71698]
69,[83.372643]
70,[84.080185]
71,[83.49057]
72,[83.254723]
73,[83.01886]
74,[83.490562]
75,[82.900948]
76,[83.254715]
77,[83.018867]
78,[82.900948]
79,[83.136787]
80,[83.136795]
81,[82.90094]
82,[83.254715]
83,[81.485855]
84,[82.900948]
85,[83.49057]
86,[83.254723]
87,[83.372643]
88,[83.254715]
89,[82.429245]
90,[82.547173]
91,[81.95755]
92,[83.018867]
93,[83.018867]
94,[82.311317]
95,[83.018867]
96,[83.01886]
97,[82.311317]
98,[82.547173]
99,[81.603775]
0,[59.421837]
1,[60.385437]
2,[63.27623]
3,[73.44754]
4,[86.830833]
5,[88.329758]
6,[89.400436]
7,[88.97216]
8,[89.400436]
9,[88.97216]
10,[90.149895]
11,[90.685226]
12,[89.400421]
13,[89.828697]
14,[88.222694]
15,[89.400421]
16,[90.364029]
17,[89.721626]
18,[90.79229]
19,[90.578163]
20,[90.4711]
21,[90.792297]
22,[89.93576]
23,[91.006432]
24,[90.79229]
25,[91.541756]
26,[91.220566]
27,[91.648827]
28,[91.862953]
29,[91.113495]
30,[86.72377]
31,[90.899361]
32,[90.899353]
33,[90.578163]
34,[91.006432]
35,[90.042831]
36,[90.685226]
37,[90.685234]
38,[91.648827]
39,[90.578171]
40,[91.220566]
41,[90.685226]
42,[91.327621]
43,[91.327621]
44,[90.79229]
45,[89.721619]
46,[88.436829]
47,[89.614563]
48,[89.935753]
49,[89.5075]
50,[89.5075]
51,[89.400436]
52,[89.721634]
53,[89.828697]
54,[88.758026]
55,[89.828697]
56,[89.828697]
57,[89.721634]
58,[89.186302]
59,[89.400429]
60,[88.97216]
61,[89.614563]
62,[88.865089]
63,[90.042839]
64,[90.149895]
65,[89.935768]
66,[89.935753]
67,[89.507492]
68,[89.293358]
69,[89.293358]
70,[89.400421]
71,[89.186302]
72,[89.293358]
73,[89.721626]
74,[88.97216]
75,[88.758041]
76,[89.5075]
77,[89.828697]
78,[89.721642]
79,[89.079224]
80,[87.794434]
81,[88.329765]
82,[87.580299]
83,[88.436829]
84,[88.222702]
85,[87.794434]
86,[88.222702]
87,[88.008568]
88,[90.256958]
89,[89.186295]
90,[89.186302]
91,[89.614555]
92,[88.865097]
93,[88.97216]
94,[89.079231]
95,[90.149895]
96,[88.758018]
97,[89.079231]
98,[88.115631]
99,[88.436821]
0,[75.138809]
1,[79.518814]
2,[81.431213]
3,[81.616287]
4,[80.814316]
5,[81.431213]
6,[82.541634]
7,[82.726707]
8,[83.590378]
9,[80.135712]
10,[80.690933]
11,[80.012337]
12,[81.739662]
13,[81.184456]
14,[80.320786]
15,[80.259109]
16,[80.382477]
17,[80.875999]
18,[80.567551]
19,[81.863037]
20,[80.320786]
21,[82.048119]
22,[80.690926]
23,[81.492905]
24,[81.677971]
25,[82.47995]
26,[81.98642]
27,[79.827263]
28,[80.259094]
29,[80.99939]
30,[80.999382]
31,[80.937683]
32,[80.012344]
33,[80.690926]
34,[80.937691]
35,[81.184456]
36,[80.07402]
37,[80.197411]
38,[79.950645]
39,[80.259094]
40,[80.937698]
41,[80.07402]
42,[79.888962]
43,[80.135719]
44,[82.10981]
45,[79.827271]
46,[81.184456]
47,[80.752625]
48,[80.259102]
49,[80.567543]
50,[80.320793]
51,[81.616287]
52,[79.888954]
53,[80.444168]
54,[80.876007]
55,[79.765572]
56,[80.567543]
57,[79.827271]
58,[81.122765]
59,[80.382477]
60,[80.690926]
61,[80.690933]
62,[80.814308]
63,[80.07402]
64,[79.765572]
65,[80.752617]
66,[81.061073]
67,[80.135712]
68,[79.827271]
69,[79.950645]
70,[80.074028]
71,[80.382477]
72,[79.457123]
73,[80.382477]
74,[81.184448]
75,[79.703888]
76,[79.827271]
77,[79.580505]
78,[79.580505]
79,[79.272057]
80,[80.197403]
81,[79.025284]
82,[78.346695]
83,[78.408394]
84,[79.827263]
85,[80.629242]
86,[80.197403]
87,[79.33374]
88,[79.518814]
89,[79.148682]
90,[79.642197]
91,[78.655151]
92,[78.901909]
93,[78.716843]
94,[80.197403]
95,[79.025284]
96,[79.580505]
97,[79.703888]
98,[79.642189]
99,[80.320786]
0,[75.480774]
1,[75.480774]
2,[80.04808]
3,[83.653854]
4,[84.375]
5,[84.134628]
6,[83.894241]
7,[83.653854]
8,[83.17308]
9,[83.894241]
10,[83.17308]
11,[83.653854]
12,[82.932693]
13,[83.17308]
14,[83.413467]
15,[84.134621]
16,[82.932701]
17,[81.730774]
18,[82.451935]
19,[84.375015]
20,[83.17308]
21,[83.653854]
22,[82.451935]
23,[83.653847]
24,[81.971153]
25,[84.134613]
26,[83.653854]
27,[82.451927]
28,[81.490395]
29,[82.451927]
30,[86.29808]
31,[86.538467]
32,[85.33654]
33,[87.500008]
34,[86.29808]
35,[84.855774]
36,[86.538467]
37,[86.29808]
38,[86.29808]
39,[86.29808]
40,[86.29808]
41,[86.29808]
42,[86.538467]
43,[86.29808]
44,[87.019257]
45,[81.25]
46,[84.375015]
47,[84.134621]
48,[83.894241]
49,[83.653854]
50,[83.653854]
51,[84.855782]
52,[83.653854]
53,[84.375015]
54,[84.855774]
55,[85.576927]
56,[85.336548]
57,[85.817322]
58,[85.817322]
59,[85.576927]
60,[85.336548]
61,[85.817314]
62,[85.817314]
63,[85.576935]
64,[84.855774]
65,[86.057701]
66,[86.29808]
67,[85.336548]
68,[85.096153]
69,[85.33654]
70,[84.134628]
71,[84.615395]
72,[84.855774]
73,[84.855782]
74,[84.855782]
75,[84.855774]
76,[84.615387]
77,[85.096161]
78,[85.096169]
79,[85.096153]
80,[85.336548]
81,[85.096153]
82,[85.096169]
83,[85.096169]
84,[85.096169]
85,[85.096169]
86,[85.096161]
87,[85.096169]
88,[85.096161]
89,[85.096169]
90,[85.096169]
91,[85.096161]
92,[85.096161]
93,[85.096161]
94,[85.096161]
95,[85.096161]
96,[85.096169]
97,[85.096161]
98,[85.096161]
99,[85.096161]
0,[74.519234]
1,[73.79808]
2,[73.557693]
3,[75.000008]
4,[78.125008]
5,[78.365395]
6,[81.250008]
7,[81.250015]
8,[80.288467]
9,[80.04808]
10,[79.326927]
11,[79.08654]
12,[80.769234]
13,[80.288467]
14,[79.326927]
15,[78.125]
16,[78.846153]
17,[79.326927]
18,[79.567314]
19,[79.567314]
20,[79.567314]
21,[80.528854]
22,[79.08654]
23,[78.365387]
24,[79.807701]
25,[79.08654]
26,[79.807701]
27,[79.567314]
28,[80.04808]
29,[80.04808]
30,[79.326927]
31,[78.605774]
32,[80.288467]
33,[80.04808]
34,[80.528847]
35,[80.528854]
36,[79.08654]
37,[78.605774]
38,[79.567314]
39,[79.807701]
40,[79.807701]
41,[80.288467]
42,[79.567314]
43,[79.567314]
44,[79.08654]
45,[79.807701]
46,[79.807693]
47,[79.807701]
48,[80.769241]
49,[78.846161]
50,[80.769234]
51,[79.326927]
52,[81.730774]
53,[80.04808]
54,[82.21154]
55,[80.288467]
56,[80.288467]
57,[80.04808]
58,[80.769241]
59,[80.769234]
60,[79.326927]
61,[79.807701]
62,[80.04808]
63,[80.528847]
64,[80.04808]
65,[81.009621]
66,[81.009621]
67,[80.04808]
68,[79.807701]
69,[79.807701]
70,[80.288467]
71,[80.04808]
72,[80.769234]
73,[80.288467]
74,[80.769234]
75,[79.807701]
76,[80.528847]
77,[80.288467]
78,[79.807701]
79,[81.009613]
80,[79.08654]
81,[80.04808]
82,[80.288467]
83,[80.769234]
84,[80.528854]
85,[80.769241]
86,[80.288467]
87,[80.769241]
88,[81.730774]
89,[81.009621]
90,[81.009621]
91,[80.769241]
92,[80.528847]
93,[80.04808]
94,[80.04808]
95,[80.048073]
96,[80.04808]
97,[80.04808]
98,[79.08654]
99,[80.528847]
0,[74.519234]
1,[73.79808]
2,[74.038467]
3,[74.759613]
4,[76.92308]
5,[78.365395]
6,[78.605774]
7,[80.528847]
8,[79.807701]
9,[79.807701]
10,[78.846161]
11,[79.086548]
12,[78.605774]
13,[78.125008]
14,[79.567314]
15,[78.846153]
16,[79.807701]
17,[79.326927]
18,[78.605774]
19,[79.08654]
20,[78.365395]
21,[79.807701]
22,[79.807693]
23,[79.807701]
24,[78.605774]
25,[78.605774]
26,[79.567314]
27,[79.807701]
28,[80.04808]
29,[80.04808]
30,[79.807701]
31,[79.807701]
32,[79.807701]
33,[78.365387]
34,[79.567314]
35,[79.807701]
36,[80.04808]
37,[79.807693]
38,[79.08654]
39,[79.567314]
40,[80.04808]
41,[79.807701]
42,[79.807701]
43,[79.326935]
44,[78.605774]
45,[79.08654]
46,[79.08654]
47,[79.326935]
48,[79.807701]
49,[79.807701]
50,[79.326927]
51,[79.086548]
52,[79.08654]
53,[78.846153]
54,[78.846161]
55,[78.846153]
56,[79.326927]
57,[78.846153]
58,[79.807701]
59,[79.567314]
60,[79.807701]
61,[79.807701]
62,[79.567314]
63,[79.567314]
64,[79.567314]
65,[79.807701]
66,[80.04808]
67,[80.04808]
68,[80.04808]
69,[80.04808]
70,[79.807701]
71,[78.846153]
72,[79.08654]
73,[79.08654]
74,[78.846153]
75,[78.846153]
76,[78.605774]
77,[78.846153]
78,[80.28846]
79,[78.125008]
80,[79.326927]
81,[79.567314]
82,[79.807701]
83,[80.04808]
84,[79.326927]
85,[79.807701]
86,[79.807701]
87,[79.807701]
88,[80.288467]
89,[80.04808]
90,[78.846153]
91,[79.807701]
92,[81.730774]
93,[80.528854]
94,[80.769234]
95,[79.08654]
96,[80.04808]
97,[81.250015]
98,[79.807701]
99,[79.807701]
0,[87.735855]
1,[87.617935]
2,[87.971703]
3,[90.094337]
4,[91.391518]
5,[92.09906]
6,[92.452835]
7,[92.92453]
8,[91.745285]
9,[91.981133]
10,[91.98114]
11,[91.62735]
12,[91.981133]
13,[91.981133]
14,[91.62735]
15,[91.509438]
16,[91.981125]
17,[91.39151]
18,[91.391518]
19,[91.50943]
20,[91.863213]
21,[91.745285]
22,[92.09906]
23,[91.627357]
24,[92.216988]
25,[91.627357]
26,[91.50943]
27,[91.39151]
28,[91.391502]
29,[92.099052]
30,[92.099052]
31,[91.627357]
32,[91.863205]
33,[91.627365]
34,[92.21698]
35,[91.863213]
36,[91.863213]
37,[91.155663]
38,[91.627357]
39,[91.745285]
40,[91.627365]
41,[91.627357]
42,[92.334908]
43,[92.334908]
44,[91.863205]
45,[91.50943]
46,[91.745277]
47,[91.745285]
48,[91.509438]
49,[91.50943]
50,[91.745277]
51,[91.509438]
52,[91.981133]
53,[91.037735]
54,[91.863213]
55,[91.509438]
56,[91.627357]
57,[91.15567]
58,[91.627357]
59,[90.919815]
60,[90.212265]
61,[91.155663]
62,[92.09906]
63,[91.509438]
64,[90.919815]
65,[91.509438]
66,[91.037735]
67,[91.273582]
68,[91.627357]
69,[91.98114]
70,[91.509438]
71,[91.155663]
72,[91.27359]
73,[91.627365]
74,[91.863213]
75,[91.627357]
76,[91.863213]
77,[91.50943]
78,[91.863213]
79,[91.98114]
80,[92.216988]
81,[91.627357]
82,[91.863213]
83,[91.27359]
84,[91.39151]
85,[90.919807]
86,[91.03775]
87,[91.27359]
88,[92.21698]
89,[90.919807]
90,[91.627365]
91,[91.745285]
92,[92.099052]
93,[91.98114]
94,[91.863213]
95,[91.155663]
96,[91.037735]
97,[91.27359]
98,[91.863213]
99,[91.745285]
0,[59.635971]
1,[60.06424]
2,[63.597427]
3,[75.374725]
4,[84.261253]
5,[87.794434]
6,[88.436829]
7,[88.865097]
8,[89.079231]
9,[89.186295]
10,[88.650963]
11,[87.366173]
12,[88.650963]
13,[88.758026]
14,[88.436829]
15,[88.543892]
16,[89.400429]
17,[88.222702]
18,[89.079231]
19,[88.865097]
20,[88.97216]
21,[88.650963]
22,[88.865097]
23,[88.758026]
24,[88.865105]
25,[88.97216]
26,[89.293373]
27,[88.5439]
28,[88.865105]
29,[88.972168]
30,[87.687363]
31,[88.115631]
32,[87.68737]
33,[89.293365]
34,[88.97216]
35,[89.186302]
36,[89.186295]
37,[89.828697]
38,[88.436836]
39,[89.079224]
40,[88.5439]
41,[88.329758]
42,[88.436829]
43,[87.580307]
44,[88.222694]
45,[88.436829]
46,[89.400429]
47,[88.650963]
48,[88.865097]
49,[88.222694]
50,[88.650963]
51,[89.079239]
52,[88.865105]
53,[89.079231]
54,[89.293358]
55,[88.329765]
56,[88.436829]
57,[88.008568]
58,[88.865097]
59,[89.186302]
60,[88.008568]
61,[88.436829]
62,[88.5439]
63,[88.758034]
64,[88.97216]
65,[89.293358]
66,[88.865105]
67,[88.650963]
68,[87.687363]
69,[88.65097]
70,[88.758034]
71,[89.293373]
72,[88.97216]
73,[88.758034]
74,[88.97216]
75,[89.5075]
76,[88.436836]
77,[89.186302]
78,[88.5439]
79,[88.436829]
80,[88.329765]
81,[87.794426]
82,[88.329765]
83,[88.758026]
84,[88.329765]
85,[88.865097]
86,[88.650963]
87,[88.972168]
88,[88.5439]
89,[87.901497]
90,[88.5439]
91,[88.758026]
92,[88.329765]
93,[87.580292]
94,[88.436829]
95,[87.259102]
96,[88.329765]
97,[88.329765]
98,[88.865089]
99,[89.186295]
0,[76.927818]
1,[79.08699]
2,[79.210365]
3,[82.788399]
4,[82.973473]
5,[83.652069]
6,[84.947556]
7,[84.0839]
8,[83.158554]
9,[82.973465]
10,[84.330658]
11,[83.775452]
12,[82.294884]
13,[83.837135]
14,[82.788406]
15,[83.22023]
16,[83.405304]
17,[82.973473]
18,[82.85009]
19,[82.665024]
20,[82.788406]
21,[82.603333]
22,[83.775452]
23,[82.788399]
24,[81.801353]
25,[84.268967]
26,[82.911789]
27,[82.911781]
28,[83.528687]
29,[82.973473]
30,[83.096855]
31,[82.418259]
32,[84.330658]
33,[82.665024]
34,[82.418266]
35,[81.801361]
36,[82.788399]
37,[81.924736]
38,[81.739662]
39,[83.528694]
40,[82.726707]
41,[82.726707]
42,[82.356567]
43,[83.405304]
44,[83.220245]
45,[82.973473]
46,[83.22023]
47,[83.158539]
48,[83.158539]
49,[83.71376]
50,[82.726707]
51,[82.788399]
52,[83.281929]
53,[83.343605]
54,[83.281921]
55,[83.466995]
56,[83.775444]
57,[82.911781]
58,[82.726707]
59,[82.911774]
60,[81.924736]
61,[81.492912]
62,[82.47995]
63,[83.035172]
64,[82.171494]
65,[83.405304]
66,[82.726707]
67,[82.665024]
68,[82.47995]
69,[82.109802]
70,[82.726707]
71,[84.022209]
72,[83.652069]
73,[83.652061]
74,[83.775444]
75,[84.0839]
76,[83.528687]
77,[82.788399]
78,[83.652069]
79,[82.541641]
80,[83.22023]
81,[83.71376]
82,[82.726707]
83,[83.405304]
84,[83.898827]
85,[83.71376]
86,[84.700806]
87,[83.34362]
88,[83.528687]
89,[83.405296]
90,[81.61628]
91,[82.97348]
92,[84.145584]
93,[83.898834]
94,[83.343613]
95,[84.268967]
96,[83.652061]
97,[84.207275]
98,[83.713753]
99,[84.268967]
0,[74.519234]
1,[73.317307]
2,[73.79808]
3,[74.038467]
4,[75.96154]
5,[76.92308]
6,[80.769241]
7,[78.125]
8,[78.365387]
9,[78.125]
10,[76.92308]
11,[78.125015]
12,[77.884628]
13,[78.846161]
14,[78.365387]
15,[77.403854]
16,[77.884628]
17,[77.644234]
18,[78.846153]
19,[77.644234]
20,[77.403854]
21,[76.92308]
22,[78.125015]
23,[78.365395]
24,[79.326927]
25,[78.125008]
26,[78.605774]
27,[76.682701]
28,[78.365387]
29,[78.125008]
30,[78.365387]
31,[78.605774]
32,[78.846161]
33,[79.326927]
34,[80.769241]
35,[79.807693]
36,[79.567314]
37,[80.288467]
38,[80.528847]
39,[79.567322]
40,[79.567322]
41,[79.807701]
42,[79.326935]
43,[80.04808]
44,[79.807701]
45,[80.04808]
46,[79.326935]
47,[79.807701]
48,[79.807701]
49,[78.605774]
50,[78.846153]
51,[78.365395]
52,[79.326927]
53,[79.08654]
54,[78.846153]
55,[78.846153]
56,[79.326927]
57,[78.846161]
58,[79.567314]
59,[79.807701]
60,[79.807701]
61,[79.326927]
62,[79.807701]
63,[79.567322]
64,[80.04808]
65,[79.567314]
66,[80.288467]
67,[81.009613]
68,[79.567314]
69,[78.605774]
70,[79.086533]
71,[80.528847]
72,[81.730782]
73,[81.490387]
74,[80.528854]
75,[80.288467]
76,[80.04808]
77,[79.807701]
78,[79.567314]
79,[79.567314]
80,[79.567314]
81,[79.807701]
82,[79.807701]
83,[79.807701]
84,[79.807701]
85,[80.528854]
86,[79.807701]
87,[80.04808]
88,[79.567314]
89,[79.567322]
90,[79.567314]
91,[79.807701]
92,[78.605774]
93,[79.326927]
94,[79.08654]
95,[79.807701]
96,[80.04808]
97,[80.288475]
98,[80.04808]
99,[80.528847]
